1 3
2 9
3 5
4 3
5 7
6 3
7 10
8 5
9 3
10 6
11 3
12 8
13 9
14 5
15 3
16 7
17 3
18 13
19 12
20 5
21 3
22 6
23 3
24 9
25 5
26 3
27 7
28 3
29 11
30 5
31 10
32 3
33 6
34 3
35 8
36 5
37 3
38 7
39 3
40 14
41 5
42 13
43 3
44 6
45 3
46 9
47 11
48 5
49 3
50 7
51 3
52 10
53 5
54 3
55 6
56 3
57 8
58 9
59 5
60 3
61 7
62 3
63 12
64 14
65 5
66 3
67 6
68 3
69 9
70 13
71 5
72 3
73 7
74 3
75 11
76 5
77 3
78 6
79 3
80 8
81 13
82 5
83 3
84 7
85 3
86 17
87 17
88 5
89 3
90 6
91 3
92 9
93 5
94 3
95 7
96 3
97 10
98 5
99 12
100 3
101 6
102 3
103 8
104 9
105 5
106 3
107 7
108 15
109 15
110 3
111 13
112 5
113 3
114 6
115 3
116 9
117 5
118 3
119 7
120 3
121 11
122 5
123 10
124 3
125 6
126 3
127 8
128 11
129 5
130 3
131 7
132 3
133 15
134 5
135 15
136 3
137 6
138 15
139 3
140 9
141 11
142 5
143 3
144 7
145 3
146 10
147 5
148 14
149 3
150 6
151 3
152 8
153 9
154 5
155 3
156 7
157 3
158 12
159 5
160 3
161 6
162 3
163 9
164 5
165 3
166 7
167 13
168 13
169 3
170 11
171 5
172 3
173 6
174 3
175 8
176 5
177 3
178 7
179 3
180 18
181 5
182 18
183 3
184 6
185 3
186 9
187 15
188 5
189 3
190 7
191 3
192 10
193 5
194 3
195 6
196 3
197 8
198 9
199 5
200 3
201 7
202 3
203 13
204 12
205 5
206 3
207 6
208 13
209 13
210 3
211 9
212 15
213 5
214 3
215 7
216 3
217 11
218 5
219 10
220 3
221 6
222 3
223 8
224 5
225 3
226 16
227 7
228 16
229 3
230 14
231 5
232 3
233 6
234 3
235 9
236 11
237 5
238 3
239 7
240 3
241 10
242 5
243 3
244 6
245 3
246 8
247 9
248 5
249 3
250 7
251 3
252 12
253 5
254 3
255 6
256 3
257 9
258 13
259 5
260 3
261 7
262 3
263 11
264 5
265 3
266 6
267 24
268 3
269 8
270 5
271 3
272 7
273 3
274 16
275 15
276 5
277 3
278 6
279 3
280 16
281 9
282 5
283 3
284 7
285 3
286 10
287 5
288 12
289 3
290 6
291 3
292 8
293 9
294 5
295 3
296 7
297 3
298 13
299 5
300 3
301 6
302 19
303 19
304 15
305 15
306 3
307 9
308 17
309 5
310 3
311 7
312 3
313 11
314 5
315 10
316 3
317 6
318 3
319 8
320 11
321 5
322 3
323 7
324 3
325 15
326 5
327 3
328 6
329 3
330 9
331 11
332 5
333 3
334 7
335 3
336 10
337 5
338 3
339 6
340 3
341 8
342 21
343 14
344 9
345 5
346 14
347 3
348 7
349 3
350 12
351 16
352 5
353 3
354 6
355 3
356 9
357 5
358 3
359 7
360 3
361 11
362 5
363 3
364 6
365 23
366 3
367 8
368 17
369 5
370 3
371 7
372 3
373 21
374 18
375 5
376 3
377 6
378 19
379 19
380 3
381 9
382 19
383 5
384 3
385 7
386 3
387 10
388 5
389 3
390 6
391 3
392 8
393 9
394 5
395 3
396 7
397 3
398 13
399 12
400 5
401 3
402 6
403 3
404 9
405 5
406 3
407 7
408 3
409 11
410 22
411 5
412 10
413 3
414 6
415 3
416 8
417 30
418 5
419 3
420 7
421 3
422 14
423 5
424 13
425 3
426 6
427 3
428 9
429 11
430 5
431 3
432 14
433 7
434 14
435 35
436 3
437 10
438 5
439 16
440 3
441 6
442 25
443 3
444 8
445 9
446 5
447 3
448 7
449 3
450 12
451 14
452 5
453 3
454 6
455 3
456 9
457 13
458 5
459 3
460 7
461 3
462 11
463 5
464 3
465 6
466 24
467 24
468 3
469 8
470 13
471 5
472 3
473 7
474 3
475 17
476 19
477 5
478 3
479 6
480 3
481 9
482 5
483 3
484 7
485 3
486 10
487 5
488 12
489 3
490 6
491 3
492 8
493 9
494 5
495 3
496 7
497 3
498 13
499 5
500 3
501 6
502 3
503 9
504 5
505 3
506 7
507 3
508 11
509 5
510 10
511 3
512 6
513 3
514 8
515 11
516 5
517 3
518 7
519 3
520 15
521 5
522 3
523 6
524 19
525 3
526 9
527 11
528 5
529 3
530 7
531 3
532 10
533 5
534 14
535 3
536 6
537 3
538 8
539 9
540 5
541 3
542 7
543 3
544 12
545 5
546 3
547 6
548 3
549 9
550 5
551 3
552 7
553 25
554 13
555 13
556 21
557 21
558 3
559 11
560 5
561 3
562 6
563 3
564 8
565 15
566 5
567 3
568 7
569 3
570 19
571 5
572 16
573 3
574 6
575 3
576 9
577 17
578 5
579 3
580 7
581 3
582 10
583 5
584 3
585 6
586 17
587 3
588 8
589 9
590 5
591 3
592 7
593 28
594 28
595 3
596 13
597 12
598 5
599 3
600 6
601 13
602 13
603 3
604 9
605 15
606 5
607 3
608 7
609 3
610 11
611 5
612 10
613 3
614 6
615 3
616 8
617 30
618 5
619 3
620 7
621 3
622 14
623 5
624 3
625 6
626 27
627 3
628 9
629 20
630 11
631 5
632 20
633 3
634 16
635 7
636 16
637 3
638 10
639 5
640 18
641 3
642 6
643 28
644 3
645 8
646 9
647 5
648 3
649 7
650 3
651 12
652 5
653 3
654 6
655 3
656 9
657 13
658 5
659 3
660 7
661 15
662 15
663 3
664 11
665 5
666 3
667 6
668 33
669 3
670 8
671 5
672 3
673 7
674 3
675 16
676 35
677 5
678 3
679 6
680 3
681 9
682 5
683 3
684 7
685 3
686 10
687 5
688 12
689 3
690 6
691 25
692 3
693 8
694 9
695 5
696 3
697 7
698 25
699 25
700 3
701 13
702 5
703 3
704 6
705 3
706 9
707 5
708 3
709 7
710 3
711 11
712 22
713 5
714 10
715 3
716 6
717 3
718 8
719 11
720 5
721 3
722 7
723 3
724 15
725 5
726 17
727 3
728 6
729 17
730 3
731 9
732 11
733 5
734 3
735 7
736 3
737 10
738 5
739 3
740 6
741 3
742 8
743 9
744 5
745 3
746 7
747 3
748 12
749 5
750 3
751 6
752 28
753 28
754 28
755 16
756 16
757 3
758 24
759 9
760 5
761 3
762 7
763 3
764 11
765 5
766 3
767 6
768 3
769 8
770 5
771 3
772 7
773 3
774 22
775 5
776 19
777 3
778 6
779 19
780 3
781 9
782 20
783 5
784 3
785 20
786 7
787 20
788 3
789 10
790 5
791 20
792 3
793 6
794 3
795 8
796 9
797 5
798 3
799 7
800 3
801 13
802 12
803 5
804 3
805 6
806 3
807 9
808 5
809 3
810 7
811 3
812 11
813 5
814 10
815 3
816 6
817 3
818 8
819 5
820 3
821 7
822 3
823 14
824 5
825 13
826 3
827 6
828 3
829 9
830 11
831 5
832 3
833 7
834 3
835 10
836 5
837 3
838 6
839 3
840 8
841 9
842 5
843 3
844 7
845 30
846 3
847 12
848 14
849 5
850 23
851 3
852 6
853 19
854 19
855 3
856 9
857 13
858 5
859 3
860 7
861 21
862 21
863 3
864 31
865 11
866 5
867 3
868 6
869 3
870 8
871 13
872 5
873 3
874 7
875 3
876 17
877 5
878 3
879 6
880 3
881 9
882 5
883 3
884 7
885 3
886 10
887 18
888 5
889 12
890 3
891 6
892 3
893 8
894 9
895 5
896 3
897 7
898 36
899 36
900 36
901 15
902 15
903 3
904 13
905 5
906 3
907 6
908 17
909 17
910 3
911 9
912 19
913 5
914 3
915 7
916 26
917 3
918 11
919 5
920 10
921 3
922 6
923 3
924 8
925 11
926 5
927 3
928 7
929 3
930 15
931 5
932 15
933 3
934 6
935 15
936 3
937 9
938 11
939 5
940 3
941 7
942 3
943 10
944 5
945 14
946 3
947 6
948 28
949 3
950 8
951 9
952 5
953 3
954 7
955 3
956 12
957 5
958 3
959 6
960 3
961 9
962 5
963 25
964 3
965 7
966 13
967 13
968 3
969 11
970 5
971 3
972 6
973 3
974 8
975 5
976 3
977 7
978 26
979 3
980 18
981 5
982 20
983 3
984 6
985 3
986 9
987 5
988 3
989 7
990 3
991 10
992 5
993 3
994 6
995 19
996 16
997 3
998 8
999 9
1000 5
1001 3
1002 7
1003 3
1004 13
1005 12
1006 5
1007 3
1008 6
1009 13
1010 13
1011 3
1012 9
1013 15
1014 5
1015 3
1016 7
1017 3
1018 11
1019 31
1020 5
1021 10
1022 3
1023 6
1024 3
1025 8
1026 5
1027 3
1028 7
1029 29
1030 3
1031 14
1032 33
1033 5
1034 3
1035 6
1036 3
1037 9
1038 11
1039 5
1040 3
1041 7
1042 3
1043 10
1044 34
1045 5
1046 3
1047 6
1048 3
1049 8
1050 9
1051 5
1052 3
1053 7
1054 3
1055 12
1056 5
1057 3
1058 6
1059 23
1060 23
1061 3
1062 9
1063 13
1064 5
1065 3
1066 7
1067 23
1068 23
1069 3
1070 11
1071 5
1072 3
1073 6
1074 44
1075 3
1076 8
1077 44
1078 5
1079 3
1080 7
1081 3
1082 16
1083 15
1084 5
1085 3
1086 6
1087 3
1088 9
1089 20
1090 5
1091 3
1092 7
1093 3
1094 10
1095 5
1096 12
1097 3
1098 6
1099 3
1100 8
1101 9
1102 5
1103 3
1104 7
1105 21
1106 21
1107 3
1108 13
1109 5
1110 3
1111 6
1112 15
1113 15
1114 3
1115 9
1116 17
1117 5
1118 3
1119 7
1120 16
1121 16
1122 3
1123 11
1124 5
1125 10
1126 3
1127 6
1128 22
1129 3
1130 8
1131 11
1132 5
1133 3
1134 7
1135 3
1136 15
1137 5
1138 3
1139 6
1140 3
1141 9
1142 11
1143 5
1144 3
1145 7
1146 33
1147 3
1148 10
1149 5
1150 3
1151 6
1152 21
1153 3
1154 8
1155 17
1156 26
1157 14
1158 9
1159 5
1160 14
1161 3
1162 22
1163 7
1164 22
1165 3
1166 12
1167 16
1168 5
1169 3
1170 6
1171 24
1172 24
1173 3
1174 9
1175 34
1176 5
1177 3
1178 7
1179 3
1180 11
1181 5
1182 3
1183 6
1184 49
1185 3
1186 8
1187 5
1188 3
1189 7
1190 27
1191 3
1192 20
1193 5
1194 3
1195 6
1196 17
1197 17
1198 3
1199 9
1200 5
1201 3
1202 7
1203 3
1204 10
1205 5
1206 3
1207 6
1208 20
1209 21
1210 3
1211 8
1212 9
1213 5
1214 3
1215 7
1216 3
1217 13
1218 12
1219 5
1220 3
1221 6
1222 39
1223 39
1224 3
1225 18
1226 9
1227 5
1228 3
1229 7
1230 3
1231 11
1232 5
1233 10
1234 3
1235 6
1236 3
1237 8
1238 5
1239 29
1240 3
1241 7
1242 22
1243 3
1244 14
1245 5
1246 13
1247 3
1248 6
1249 3
1250 9
1251 11
1252 5
1253 3
1254 14
1255 7
1256 14
1257 3
1258 10
1259 5
1260 16
1261 3
1262 6
1263 3
1264 8
1265 9
1266 5
1267 3
1268 7
1269 3
1270 12
1271 14
1272 5
1273 3
1274 6
1275 3
1276 9
1277 13
1278 5
1279 3
1280 7
1281 17
1282 17
1283 31
1284 31
1285 3
1286 31
1287 11
1288 5
1289 3
1290 6
1291 3
1292 8
1293 13
1294 5
1295 3
1296 7
1297 3
1298 17
1299 5
1300 3
1301 6
1302 3
1303 9
1304 28
1305 5
1306 3
1307 7
1308 28
1309 28
1310 3
1311 10
1312 21
1313 16
1314 5
1315 12
1316 3
1317 6
1318 3
1319 8
1320 9
1321 5
1322 3
1323 7
1324 3
1325 13
1326 5
1327 3
1328 6
1329 19
1330 19
1331 3
1332 29
1333 9
1334 21
1335 5
1336 3
1337 7
1338 23
1339 23
1340 3
1341 11
1342 5
1343 10
1344 3
1345 6
1346 44
1347 3
1348 8
1349 27
1350 11
1351 5
1352 3
1353 7
1354 3
1355 15
1356 5
1357 3
1358 6
1359 3
1360 9
1361 11
1362 5
1363 3
1364 7
1365 3
1366 10
1367 5
1368 14
1369 3
1370 6
1371 3
1372 8
1373 16
1374 9
1375 5
1376 16
1377 3
1378 7
1379 16
1380 16
1381 20
1382 3
1383 12
1384 18
1385 5
1386 3
1387 6
1388 3
1389 9
1390 5
1391 3
1392 7
1393 34
1394 13
1395 13
1396 22
1397 22
1398 3
1399 11
1400 5
1401 3
1402 6
1403 3
1404 8
1405 15
1406 5
1407 3
1408 7
1409 3
1410 36
1411 19
1412 5
1413 3
1414 6
1415 3
1416 9
1417 5
1418 3
1419 7
1420 3
1421 10
1422 5
1423 3
1424 6
1425 26
1426 3
1427 8
1428 9
1429 5
1430 3
1431 7
1432 3
1433 13
1434 12
1435 5
1436 3
1437 6
1438 13
1439 13
1440 3
1441 9
1442 15
1443 5
1444 3
1445 7
1446 26
1447 3
1448 11
1449 26
1450 5
1451 10
1452 3
1453 6
1454 29
1455 3
1456 8
1457 5
1458 3
1459 26
1460 7
1461 26
1462 26
1463 3
1464 14
1465 5
1466 3
1467 6
1468 3
1469 9
1470 11
1471 5
1472 3
1473 7
1474 3
1475 10
1476 5
1477 3
1478 6
1479 3
1480 8
1481 28
1482 9
1483 5
1484 3
1485 7
1486 3
1487 12
1488 5
1489 3
1490 6
1491 3
1492 9
1493 13
1494 5
1495 3
1496 7
1497 15
1498 15
1499 3
1500 11
1501 5
1502 3
1503 6
1504 22
1505 3
1506 8
1507 5
1508 3
1509 7
1510 24
1511 24
1512 34
1513 3
1514 16
1515 5
1516 3
1517 6
1518 3
1519 18
1520 9
1521 5
1522 3
1523 7
1524 3
1525 10
1526 19
1527 5
1528 12
1529 3
1530 6
1531 3
1532 8
1533 9
1534 5
1535 3
1536 7
1537 25
1538 25
1539 17
1540 17
1541 3
1542 13
1543 5
1544 3
1545 6
1546 3
1547 9
1548 5
1549 3
1550 7
1551 3
1552 11
1553 5
1554 10
1555 3
1556 6
1557 3
1558 8
1559 11
1560 5
1561 3
1562 7
1563 3
1564 15
1565 5
1566 3
1567 6
1568 3
1569 9
1570 29
1571 29
1572 11
1573 5
1574 29
1575 3
1576 17
1577 7
1578 17
1579 17
1580 17
1581 3
1582 10
1583 5
1584 3
1585 6
1586 3
1587 8
1588 19
1589 9
1590 5
1591 3
1592 7
1593 27
1594 27
1595 27
1596 3
1597 12
1598 31
1599 37
1600 5
1601 3
1602 6
1603 3
1604 9
1605 5
1606 3
1607 7
1608 3
1609 11
1610 5
1611 3
1612 6
1613 52
1614 3
1615 8
1616 32
1617 21
1618 5
1619 3
1620 7
1621 30
1622 30
1623 3
1624 25
1625 5
1626 3
1627 6
1628 20
1629 20
1630 3
1631 20
1632 9
1633 5
1634 3
1635 7
1636 3
1637 10
1638 5
1639 3
1640 6
1641 3
1642 8
1643 9
1644 5
1645 3
1646 7
1647 24
1648 24
1649 24
1650 24
1651 3
1652 13
1653 12
1654 5
1655 3
1656 6
1657 21
1658 21
1659 3
1660 9
1661 5
1662 3
1663 7
1664 3
1665 11
1666 42
1667 5
1668 10
1669 3
1670 6
1671 42
1672 3
1673 8
1674 5
1675 3
1676 7
1677 3
1678 14
1679 5
1680 13
1681 3
1682 6
1683 3
1684 9
1685 11
1686 5
1687 3
1688 7
1689 32
1690 32
1691 3
1692 10
1693 5
1694 3
1695 6
1696 3
1697 8
1698 9
1699 5
1700 3
1701 7
1702 3
1703 12
1704 14
1705 5
1706 3
1707 6
1708 17
1709 17
1710 3
1711 9
1712 13
1713 5
1714 3
1715 7
1716 19
1717 19
1718 3
1719 11
1720 5
1721 3
1722 6
1723 3
1724 8
1725 13
1726 5
1727 3
1728 7
1729 3
1730 17
1731 17
1732 5
1733 3
1734 6
1735 3
1736 9
1737 5
1738 3
1739 7
1740 3
1741 10
1742 25
1743 20
1744 5
1745 12
1746 3
1747 6
1748 3
1749 8
1750 9
1751 5
1752 3
1753 7
1754 15
1755 15
1756 3
1757 13
1758 5
1759 3
1760 6
1761 3
1762 9
1763 5
1764 3
1765 7
1766 3
1767 11
1768 5
1769 10
1770 3
1771 6
1772 31
1773 31
1774 31
1775 3
1776 8
1777 31
1778 11
1779 5
1780 3
1781 31
1782 7
1783 3
1784 15
1785 19
1786 5
1787 15
1788 3
1789 6
1790 15
1791 24
1792 3
1793 9
1794 20
1795 11
1796 5
1797 20
1798 3
1799 7
1800 3
1801 10
1802 5
1803 14
1804 3
1805 6
1806 3
1807 8
1808 20
1809 22
1810 9
1811 5
1812 22
1813 3
1814 7
1815 22
1816 22
1817 3
1818 12
1819 24
1820 5
1821 3
1822 6
1823 26
1824 26
1825 3
1826 9
1827 5
1828 3
1829 7
1830 13
1831 13
1832 3
1833 11
1834 5
1835 3
1836 6
1837 3
1838 8
1839 5
1840 3
1841 7
1842 3
1843 18
1844 5
1845 3
1846 6
1847 3
1848 9
1849 15
1850 5
1851 3
1852 7
1853 3
1854 10
1855 5
1856 3
1857 6
1858 3
1859 8
1860 9
1861 5
1862 3
1863 7
1864 18
1865 18
1866 3
1867 13
1868 12
1869 5
1870 19
1871 3
1872 6
1873 13
1874 13
1875 3
1876 9
1877 15
1878 5
1879 3
1880 7
1881 3
1882 11
1883 5
1884 10
1885 3
1886 6
1887 3
1888 8
1889 5
1890 37
1891 3
1892 16
1893 7
1894 16
1895 25
1896 25
1897 25
1898 3
1899 14
1900 5
1901 3
1902 6
1903 3
1904 9
1905 11
1906 5
1907 3
1908 18
1909 7
1910 18
1911 3
1912 10
1913 5
1914 20
1915 3
1916 6
1917 3
1918 8
1919 9
1920 5
1921 3
1922 7
1923 3
1924 12
1925 5
1926 3
1927 6
1928 3
1929 9
1930 13
1931 5
1932 3
1933 7
1934 3
1935 11
1936 5
1937 3
1938 6
1939 3
1940 8
1941 5
1942 3
1943 7
1944 3
1945 16
1946 15
1947 5
1948 3
1949 6
1950 3
1951 16
1952 9
1953 5
1954 3
1955 7
1956 3
1957 10
1958 5
1959 12
1960 3
1961 6
1962 29
1963 3
1964 8
1965 9
1966 5
1967 3
1968 7
1969 32
1970 32
1971 19
1972 19
1973 3
1974 13
1975 5
1976 3
1977 6
1978 29
1979 29
1980 15
1981 15
1982 3
1983 29
1984 9
1985 17
1986 5
1987 3
1988 7
1989 3
1990 11
1991 5
1992 10
1993 3
1994 6
1995 18
1996 3
1997 8
1998 50
1999 11
2000 5
2001 3
2002 7
2003 3
2004 15
2005 5
2006 3
2007 6
2008 3
2009 9
2010 11
2011 5
2012 3
2013 7
2014 3
2015 10
2016 48
2017 5
2018 3
2019 6
2020 3
2021 8
2022 14
2023 9
2024 5
2025 14
2026 3
2027 7
2028 3
2029 12
2030 16
2031 5
2032 3
2033 6
2034 18
2035 18
2036 3
2037 9
2038 5
2039 3
2040 7
2041 3
2042 11
2043 5
2044 3
2045 6
2046 3
2047 8
2048 25
2049 17
2050 5
2051 3
2052 27
2053 7
2054 37
2055 37
2056 3
2057 21
2058 5
2059 3
2060 6
2061 21
2062 21
2063 3
2064 9
2065 21
2066 5
2067 3
2068 7
2069 3
2070 10
2071 5
2072 3
2073 6
2074 25
2075 22
2076 3
2077 8
2078 9
2079 5
2080 3
2081 7
2082 3
2083 13
2084 12
2085 5
2086 3
2087 6
2088 3
2089 20
2090 9
2091 5
2092 3
2093 7
2094 17
2095 3
2096 11
2097 5
2098 10
2099 3
2100 6
2101 3
2102 8
2103 5
2104 3
2105 7
2106 3
2107 14
2108 5
2109 13
2110 3
2111 6
2112 3
2113 9
2114 11
2115 5
2116 3
2117 14
2118 7
2119 14
2120 3
2121 10
2122 5
2123 16
2124 3
2125 6
2126 19
2127 3
2128 8
2129 9
2130 5
2131 3
2132 7
2133 3
2134 12
2135 14
2136 5
2137 32
2138 3
2139 6
2140 32
2141 32
2142 20
2143 20
2144 20
2145 20
2146 3
2147 9
2148 13
2149 5
2150 3
2151 7
2152 3
2153 11
2154 5
2155 3
2156 6
2157 3
2158 8
2159 13
2160 5
2161 3
2162 30
2163 7
2164 3
2165 34
2166 17
2167 40
2168 5
2169 3
2170 6
2171 3
2172 9
2173 5
2174 3
2175 7
2176 3
2177 10
2178 5
2179 12
2180 3
2181 6
2182 21
2183 3
2184 8
2185 9
2186 5
2187 3
2188 7
2189 3
2190 35
2191 13
2192 5
2193 3
2194 6
2195 3
2196 9
2197 5
2198 3
2199 7
2200 3
2201 11
2202 5
2203 10
2204 3
2205 6
2206 30
2207 3
2208 8
2209 11
2210 5
2211 3
2212 7
2213 3
2214 15
2215 5
2216 3
2217 6
2218 24
2219 3
2220 9
2221 24
2222 11
2223 5
2224 24
2225 3
2226 7
2227 3
2228 10
2229 27
2230 5
2231 14
2232 3
2233 6
2234 3
2235 8
2236 27
2237 24
2238 9
2239 5
2240 24
2241 3
2242 7
2243 24
2244 24
2245 29
2246 3
2247 12
2248 5
2249 3
2250 6
2251 3
2252 9
2253 5
2254 3
2255 7
2256 45
2257 13
2258 13
2259 3
2260 45
2261 11
2262 5
2263 3
2264 6
2265 3
2266 8
2267 15
2268 5
2269 3
2270 7
2271 3
2272 19
2273 5
2274 16
2275 3
2276 6
2277 26
2278 3
2279 9
2280 5
2281 3
2282 7
2283 3
2284 10
2285 35
2286 5
2287 3
2288 6
2289 17
2290 18
2291 3
2292 8
2293 9
2294 5
2295 3
2296 7
2297 3
2298 13
2299 12
2300 5
2301 3
2302 6
2303 13
2304 13
2305 3
2306 9
2307 15
2308 5
2309 3
2310 7
2311 3
2312 11
2313 20
2314 5
2315 10
2316 3
2317 6
2318 3
2319 8
2320 46
2321 5
2322 3
2323 22
2324 7
2325 22
2326 22
2327 3
2328 14
2329 5
2330 3
2331 6
2332 3
2333 9
2334 11
2335 5
2336 3
2337 16
2338 7
2339 16
2340 3
2341 10
2342 5
2343 18
2344 3
2345 6
2346 3
2347 8
2348 17
2349 9
2350 5
2351 17
2352 3
2353 7
2354 21
2355 3
2356 12
2357 37
2358 5
2359 3
2360 6
2361 3
2362 9
2363 13
2364 5
2365 3
2366 7
2367 23
2368 15
2369 15
2370 37
2371 37
2372 3
2373 11
2374 5
2375 3
2376 6
2377 3
2378 8
2379 5
2380 3
2381 7
2382 18
2383 18
2384 3
2385 16
2386 5
2387 3
2388 6
2389 3
2390 9
2391 5
2392 3
2393 7
2394 3
2395 10
2396 5
2397 12
2398 3
2399 6
2400 3
2401 8
2402 9
2403 5
2404 3
2405 34
2406 7
2407 3
2408 13
2409 5
2410 3
2411 6
2412 3
2413 9
2414 5
2415 3
2416 7
2417 22
2418 18
2419 18
2420 3
2421 18
2422 11
2423 27
2424 5
2425 10
2426 3
2427 6
2428 3
2429 8
2430 11
2431 5
2432 3
2433 7
2434 3
2435 15
2436 5
2437 17
2438 3
2439 6
2440 17
2441 3
2442 9
2443 11
2444 5
2445 3
2446 25
2447 7
2448 25
2449 25
2450 25
2451 3
2452 10
2453 29
2454 25
2455 5
2456 35
2457 3
2458 6
2459 45
2460 3
2461 8
2462 27
2463 9
2464 5
2465 3
2466 7
2467 29
2468 29
2469 29
2470 3
2471 12
2472 5
2473 3
2474 6
2475 16
2476 16
2477 3
2478 9
2479 5
2480 3
2481 7
2482 50
2483 50
2484 50
2485 3
2486 11
2487 5
2488 3
2489 6
2490 30
2491 3
2492 8
2493 23
2494 19
2495 5
2496 3
2497 7
2498 28
2499 3
2500 23
2501 5
2502 3
2503 6
2504 3
2505 9
2506 18
2507 5
2508 3
2509 18
2510 7
2511 18
2512 3
2513 10
2514 5
2515 3
2516 6
2517 3
2518 8
2519 9
2520 5
2521 3
2522 7
2523 3
2524 13
2525 12
2526 5
2527 3
2528 6
2529 3
2530 21
2531 9
2532 5
2533 3
2534 7
2535 22
2536 22
2537 22
2538 3
2539 11
2540 5
2541 10
2542 3
2543 6
2544 3
2545 8
2546 19
2547 5
2548 3
2549 7
2550 47
2551 3
2552 14
2553 5
2554 13
2555 3
2556 6
2557 3
2558 9
2559 40
2560 11
2561 5
2562 40
2563 3
2564 7
2565 40
2566 40
2567 40
2568 40
2569 3
2570 10
2571 28
2572 5
2573 3
2574 6
2575 3
2576 8
2577 9
2578 5
2579 3
2580 7
2581 3
2582 12
2583 14
2584 5
2585 3
2586 6
2587 21
2588 21
2589 3
2590 9
2591 13
2592 5
2593 3
2594 7
2595 23
2596 23
2597 3
2598 11
2599 5
2600 3
2601 6
2602 3
2603 8
2604 13
2605 5
2606 3
2607 7
2608 23
2609 3
2610 17
2611 5
2612 3
2613 6
2614 3
2615 9
2616 5
2617 3
2618 7
2619 3
2620 10
2621 5
2622 12
2623 3
2624 6
2625 3
2626 8
2627 9
2628 5
2629 3
2630 7
2631 15
2632 15
2633 3
2634 13
2635 5
2636 3
2637 6
2638 17
2639 17
2640 3
2641 9
2642 19
2643 5
2644 3
2645 7
2646 3
2647 11
2648 5
2649 10
2650 3
2651 6
2652 3
2653 8
2654 19
2655 11
2656 5
2657 3
2658 7
2659 3
2660 15
2661 5
2662 15
2663 3
2664 6
2665 15
2666 3
2667 9
2668 11
2669 5
2670 3
2671 7
2672 3
2673 10
2674 35
2675 5
2676 14
2677 3
2678 6
2679 22
2680 3
2681 8
2682 23
2683 18
2684 9
2685 5
2686 18
2687 3
2688 32
2689 7
2690 32
2691 18
2692 18
2693 3
2694 12
2695 20
2696 5
2697 3
2698 6
2699 3
2700 9
2701 5
2702 3
2703 7
2704 13
2705 13
2706 3
2707 11
2708 5
2709 3
2710 6
2711 3
2712 8
2713 5
2714 3
2715 7
2716 3
2717 18
2718 5
2719 3
2720 6
2721 3
2722 9
2723 5
2724 3
2725 7
2726 3
2727 10
2728 29
2729 5
2730 3
2731 6
2732 29
2733 16
2734 3
2735 8
2736 29
2737 9
2738 5
2739 29
2740 3
2741 7
2742 3
2743 13
2744 22
2745 12
2746 5
2747 17
2748 3
2749 6
2750 13
2751 13
2752 3
2753 9
2754 15
2755 5
2756 3
2757 7
2758 3
2759 11
2760 5
2761 10
2762 3
2763 6
2764 3
2765 8
2766 5
2767 3
2768 7
2769 3
2770 14
2771 25
2772 5
2773 3
2774 6
2775 18
2776 3
2777 9
2778 11
2779 5
2780 3
2781 20
2782 7
2783 20
2784 3
2785 10
2786 40
2787 5
2788 22
2789 3
2790 6
2791 3
2792 8
2793 24
2794 9
2795 5
2796 24
2797 3
2798 7
2799 24
2800 24
2801 3
2802 12
2803 24
2804 5
2805 3
2806 6
2807 3
2808 9
2809 13
2810 5
2811 3
2812 7
2813 45
2814 3
2815 28
2816 11
2817 5
2818 3
2819 6
2820 3
2821 8
2822 5
2823 3
2824 7
2825 3
2826 16
2827 15
2828 5
2829 3
2830 6
2831 3
2832 9
2833 23
2834 5
2835 3
2836 7
2837 3
2838 10
2839 5
2840 12
2841 3
2842 6
2843 3
2844 8
2845 9
2846 5
2847 3
2848 7
2849 3
2850 13
2851 5
2852 3
2853 6
2854 15
2855 15
2856 3
2857 9
2858 17
2859 5
2860 3
2861 7
2862 16
2863 16
2864 3
2865 11
2866 5
2867 10
2868 3
2869 6
2870 20
2871 3
2872 8
2873 11
2874 17
2875 5
2876 17
2877 3
2878 7
2879 21
2880 3
2881 15
2882 5
2883 19
2884 3
2885 6
2886 19
2887 3
2888 9
2889 11
2890 5
2891 3
2892 7
2893 3
2894 10
2895 5
2896 3
2897 6
2898 26
2899 3
2900 8
2901 17
2902 35
2903 14
2904 9
2905 5
2906 14
2907 3
2908 23
2909 7
2910 23
2911 23
2912 23
2913 23
2914 3
2915 12
2916 16
2917 5
2918 3
2919 6
2920 56
2921 3
2922 9
2923 5
2924 3
2925 7
2926 3
2927 11
2928 5
2929 3
2930 6
2931 3
2932 8
2933 69
2934 33
2935 5
2936 3
2937 7
2938 3
2939 20
2940 43
2941 5
2942 3
2943 6
2944 3
2945 9
2946 5
2947 3
2948 7
2949 111
2950 3
2951 10
2952 5
2953 3
2954 6
2955 3
2956 8
2957 9
2958 5
2959 3
2960 7
2961 3
2962 13
2963 12
2964 5
2965 3
2966 6
2967 3
2968 9
2969 38
2970 5
2971 3
2972 7
2973 27
2974 3
2975 11
2976 5
2977 10
2978 3
2979 6
2980 3
2981 8
2982 5
2983 3
2984 7
2985 20
2986 3
2987 14
2988 5
2989 13
2990 3
2991 6
2992 3
2993 9
2994 11
2995 5
2996 3
2997 14
2998 7
2999 14
3000 3
3001 10
3002 5
3003 16
3004 3
3005 6
3006 3
3007 8
3008 9
3009 5
3010 3
3011 7
3012 3
3013 12
3014 14
3015 5
3016 27
3017 3
3018 6
3019 3
3020 9
3021 13
3022 5
3023 3
3024 7
3025 30
3026 17
3027 17
3028 30
3029 30
3030 3
3031 11
3032 5
3033 3
3034 6
3035 3
3036 8
3037 13
3038 5
3039 3
3040 27
3041 7
3042 32
3043 32
3044 3
3045 17
3046 5
3047 3
3048 6
3049 3
3050 9
3051 5
3052 3
3053 7
3054 3
3055 10
3056 19
3057 16
3058 5
3059 12
3060 3
3061 6
3062 48
3063 3
3064 8
3065 9
3066 5
3067 3
3068 7
3069 3
3070 13
3071 5
3072 3
3073 6
3074 3
3075 9
3076 5
3077 3
3078 7
3079 19
3080 19
3081 3
3082 29
3083 11
3084 5
3085 10
3086 3
3087 6
3088 3
3089 8
3090 46
3091 11
3092 5
3093 3
3094 7
3095 3
3096 15
3097 38
3098 5
3099 3
3100 6
3101 3
3102 9
3103 11
3104 5
3105 3
3106 7
3107 3
3108 10
3109 5
3110 14
3111 3
3112 6
3113 3
3114 8
3115 16
3116 9
3117 5
3118 16
3119 3
3120 7
3121 16
3122 16
3123 24
3124 3
3125 12
3126 18
3127 5
3128 3
3129 6
3130 3
3131 9
3132 5
3133 3
3134 7
3135 23
3136 13
3137 13
3138 3
3139 11
3140 5
3141 3
3142 6
3143 23
3144 168
3145 3
3146 8
3147 15
3148 25
3149 5
3150 25
3151 3
3152 7
3153 35
3154 3
3155 19
3156 5
3157 3
3158 6
3159 3
3160 9
3161 19
3162 5
3163 3
3164 7
3165 3
3166 10
3167 5
3168 3
3169 6
3170 3
3171 8
3172 9
3173 5
3174 3
3175 7
3176 23
3177 23
3178 3
3179 13
3180 12
3181 5
3182 20
3183 3
3184 6
3185 13
3186 13
3187 3
3188 9
3189 15
3190 5
3191 3
3192 7
3193 3
3194 11
3195 5
3196 10
3197 3
3198 6
3199 3
3200 8
3201 5
3202 26
3203 3
3204 18
3205 7
3206 18
3207 40
3208 40
3209 18
3210 3
3211 14
3212 5
3213 3
3214 6
3215 3
3216 9
3217 11
3218 5
3219 3
3220 7
3221 3
3222 10
3223 68
3224 21
3225 5
3226 3
3227 6
3228 61
3229 3
3230 8
3231 29
3232 9
3233 5
3234 3
3235 7
3236 3
3237 12
3238 5
3239 3
3240 6
3241 3
3242 9
3243 13
3244 5
3245 3
3246 7
3247 15
3248 15
3249 3
3250 11
3251 5
3252 3
3253 6
3254 3
3255 8
3256 37
3257 5
3258 3
3259 7
3260 3
3261 16
3262 5
3263 3
3264 6
3265 3
3266 9
3267 5
3268 3
3269 7
3270 3
3271 10
3272 30
3273 21
3274 5
3275 12
3276 3
3277 6
3278 30
3279 30
3280 30
3281 30
3282 3
3283 8
3284 30
3285 30
3286 18
3287 9
3288 5
3289 18
3290 3
3291 7
3292 17
3293 17
3294 3
3295 13
3296 5
3297 3
3298 6
3299 3
3300 9
3301 5
3302 3
3303 7
3304 20
3305 20
3306 3
3307 20
3308 11
3309 5
3310 10
3311 3
3312 6
3313 3
3314 8
3315 36
3316 11
3317 28
3318 5
3319 28
3320 3
3321 28
3322 7
3323 3
3324 32
3325 15
3326 28
3327 5
3328 38
3329 3
3330 6
3331 38
3332 3
3333 9
3334 11
3335 5
3336 3
3337 7
3338 3
3339 10
3340 106
3341 32
3342 5
3343 3
3344 6
3345 3
3346 8
3347 9
3348 5
3349 3
3350 7
3351 19
3352 19
3353 19
3354 3
3355 12
3356 5
3357 3
3358 6
3359 53
3360 53
3361 3
3362 53
3363 9
3364 5
3365 3
3366 7
3367 3
3368 33
3369 11
3370 5
3371 3
3372 6
3373 3
3374 8
3375 5
3376 31
3377 3
3378 7
3379 3
3380 26
3381 90
3382 5
3383 3
3384 6
3385 3
3386 9
3387 21
3388 5
3389 3
3390 21
3391 7
3392 21
3393 3
3394 10
3395 5
3396 3
3397 6
3398 3
3399 8
3400 9
3401 5
3402 3
3403 7
3404 3
3405 13
3406 12
3407 5
3408 3
3409 6
3410 49
3411 3
3412 9
3413 5
3414 3
3415 7
3416 3
3417 11
3418 5
3419 10
3420 3
3421 6
3422 3
3423 8
3424 5
3425 25
3426 3
3427 25
3428 7
3429 25
3430 3
3431 14
3432 5
3433 13
3434 3
3435 6
3436 25
3437 3
3438 9
3439 11
3440 5
3441 3
3442 22
3443 7
3444 22
3445 3
3446 10
3447 5
3448 3
3449 6
3450 3
3451 8
3452 9
3453 5
3454 3
3455 7
3456 3
3457 12
3458 14
3459 5
3460 43
3461 3
3462 6
3463 43
3464 43
3465 43
3466 43
3467 3
3468 43
3469 9
3470 13
3471 5
3472 3
3473 7
3474 3
3475 11
3476 5
3477 3
3478 6
3479 64
3480 3
3481 8
3482 13
3483 5
3484 3
3485 7
3486 3
3487 17
3488 17
3489 5
3490 3
3491 6
3492 24
3493 24
3494 3
3495 9
3496 5
3497 3
3498 7
3499 3
3500 10
3501 41
3502 26
3503 5
3504 12
3505 3
3506 6
3507 3
3508 8
3509 33
3510 9
3511 5
3512 33
3513 3
3514 7
3515 15
3516 15
3517 3
3518 13
3519 5
3520 3
3521 6
3522 26
3523 26
3524 3
3525 9
3526 5
3527 3
3528 7
3529 3
3530 11
3531 5
3532 10
3533 3
3534 6
3535 3
3536 8
3537 25
3538 11
3539 5
3540 3
3541 7
3542 66
3543 66
3544 3
3545 15
3546 5
3547 15
3548 3
3549 6
3550 15
3551 3
3552 9
3553 18
3554 11
3555 5
3556 18
3557 3
3558 7
3559 3
3560 10
3561 5
3562 14
3563 3
3564 6
3565 44
3566 3
3567 8
3568 20
3569 9
3570 5
3571 20
3572 3
3573 7
3574 20
3575 20
3576 3
3577 12
3578 22
3579 5
3580 3
3581 6
3582 3
3583 9
3584 5
3585 3
3586 7
3587 13
3588 13
3589 3
3590 11
3591 5
3592 3
3593 6
3594 3
3595 8
3596 5
3597 3
3598 7
3599 3
3600 18
3601 5
3602 18
3603 3
3604 6
3605 3
3606 9
3607 15
3608 5
3609 3
3610 7
3611 3
3612 10
3613 35
3614 5
3615 3
3616 6
3617 21
3618 3
3619 8
3620 9
3621 5
3622 3
3623 7
3624 3
3625 26
3626 13
3627 12
3628 5
3629 21
3630 3
3631 6
3632 35
3633 35
3634 35
3635 35
3636 13
3637 13
3638 3
3639 9
3640 15
3641 5
3642 3
3643 7
3644 3
3645 11
3646 5
3647 10
3648 3
3649 6
3650 29
3651 3
3652 8
3653 29
3654 5
3655 3
3656 16
3657 7
3658 16
3659 3
3660 14
3661 5
3662 3
3663 6
3664 20
3665 3
3666 9
3667 11
3668 5
3669 3
3670 7
3671 3
3672 10
3673 5
3674 3
3675 6
3676 37
3677 26
3678 3
3679 8
3680 9
3681 5
3682 3
3683 7
3684 3
3685 12
3686 5
3687 3
3688 6
3689 3
3690 9
3691 32
3692 13
3693 5
3694 32
3695 3
3696 32
3697 7
3698 3
3699 11
3700 32
3701 5
3702 3
3703 6
3704 3
3705 8
3706 5
3707 3
3708 7
3709 3
3710 16
3711 15
3712 5
3713 20
3714 3
3715 6
3716 3
3717 16
3718 9
3719 25
3720 25
3721 5
3722 3
3723 7
3724 3
3725 10
3726 5
3727 12
3728 3
3729 6
3730 3
3731 8
3732 9
3733 5
3734 3
3735 7
3736 3
3737 13
3738 5
3739 3
3740 6
3741 15
3742 15
3743 3
3744 9
3745 17
3746 5
3747 3
3748 7
3749 3
3750 21
3751 11
3752 5
3753 10
3754 3
3755 6
3756 3
3757 8
3758 27
3759 11
3760 23
3761 5
3762 23
3763 3
3764 7
3765 3
3766 15
3767 43
3768 5
3769 25
3770 3
3771 6
3772 25
3773 3
3774 9
3775 11
3776 5
3777 3
3778 27
3779 7
3780 27
3781 27
3782 27
3783 25
3784 3
3785 10
3786 27
3787 5
3788 3
3789 6
3790 26
3791 3
3792 8
3793 27
3794 14
3795 9
3796 5
3797 14
3798 3
3799 7
3800 3
3801 12
3802 16
3803 5
3804 3
3805 6
3806 48
3807 48
3808 3
3809 9
3810 31
3811 5
3812 3
3813 7
3814 28
3815 28
3816 3
3817 11
3818 5
3819 3
3820 6
3821 21
3822 32
3823 3
3824 8
3825 17
3826 5
3827 3
3828 7
3829 3
3830 21
3831 18
3832 5
3833 3
3834 6
3835 3
3836 9
3837 5
3838 3
3839 7
3840 3
3841 10
3842 5
3843 3
3844 6
3845 3
3846 8
3847 9
3848 5
3849 3
3850 7
3851 3
3852 13
3853 12
3854 5
3855 3
3856 6
3857 3
3858 9
3859 5
3860 3
3861 7
3862 3
3863 11
3864 5
3865 10
3866 3
3867 6
3868 3
3869 8
3870 5
3871 3
3872 19
3873 7
3874 19
3875 3
3876 14
3877 5
3878 13
3879 3
3880 6
3881 3
3882 9
3883 11
3884 5
3885 3
3886 14
3887 7
3888 14
3889 20
3890 20
3891 3
3892 10
3893 5
3894 16
3895 3
3896 6
3897 3
3898 8
3899 9
3900 5
3901 3
3902 7
3903 45
3904 3
3905 12
3906 14
3907 5
3908 3
3909 6
3910 3
3911 9
3912 13
3913 5
3914 3
3915 7
3916 3
3917 11
3918 5
3919 3
3920 6
3921 38
3922 38
3923 3
3924 8
3925 13
3926 26
3927 5
3928 26
3929 3
3930 26
3931 7
3932 3
3933 17
3934 19
3935 5
3936 3
3937 6
3938 59
3939 59
3940 3
3941 9
3942 5
3943 3
3944 7
3945 3
3946 10
3947 5
3948 12
3949 3
3950 6
3951 28
3952 3
3953 8
3954 9
3955 5
3956 3
3957 7
3958 3
3959 13
3960 36
3961 5
3962 3
3963 6
3964 21
3965 21
3966 3
3967 9
3968 23
3969 5
3970 3
3971 7
3972 3
3973 11
3974 5
3975 10
3976 3
3977 6
3978 3
3979 8
3980 11
3981 5
3982 3
3983 7
3984 21
3985 21
3986 3
3987 15
3988 5
3989 3
3990 6
3991 3
3992 9
3993 11
3994 5
3995 3
3996 7
3997 3
3998 10
3999 5
4000 14
4001 3
4002 6
4003 61
4004 3
4005 8
4006 9
4007 5
4008 3
4009 7
4010 3
4011 12
4012 41
4013 5
4014 3
4015 6
4016 30
4017 30
4018 3
4019 9
4020 5
4021 3
4022 7
4023 13
4024 13
4025 3
4026 11
4027 5
4028 3
4029 6
4030 3
4031 8
4032 15
4033 5
4034 3
4035 7
4036 23
4037 23
4038 3
4039 19
4040 5
4041 16
4042 3
4043 6
4044 29
4045 3
4046 9
4047 17
4048 5
4049 3
4050 7
4051 3
4052 10
4053 5
4054 3
4055 6
4056 17
4057 3
4058 8
4059 9
4060 5
4061 3
4062 7
4063 3
4064 13
4065 12
4066 5
4067 3
4068 6
4069 13
4070 13
4071 3
4072 9
4073 15
4074 5
4075 3
4076 7
4077 30
4078 30
4079 30
4080 3
4081 11
4082 5
4083 10
4084 3
4085 6
4086 3
4087 8
4088 5
4089 33
4090 3
4091 20
4092 7
4093 20
4094 33
4095 33
4096 20
4097 3
4098 14
4099 5
4100 3
4101 6
4102 21
4103 3
4104 9
4105 30
4106 11
4107 5
4108 30
4109 3
4110 16
4111 7
4112 16
4113 3
4114 10
4115 35
4116 5
4117 18
4118 3
4119 6
4120 22
4121 3
4122 8
4123 58
4124 9
4125 5
4126 3
4127 7
4128 24
4129 3
4130 12
4131 5
4132 3
4133 6
4134 3
4135 9
4136 13
4137 5
4138 3
4139 7
4140 19
4141 15
4142 15
4143 3
4144 51
4145 11
4146 5
4147 3
4148 6
4149 3
4150 8
4151 5
4152 3
4153 7
4154 27
4155 3
4156 16
4157 5
4158 3
4159 6
4160 3
4161 9
4162 5
4163 3
4164 7
4165 3
4166 10
4167 25
4168 22
4169 5
4170 12
4171 3
4172 6
4173 3
4174 8
4175 9
4176 5
4177 3
4178 7
4179 3
4180 49
4181 13
4182 5
4183 3
4184 6
4185 3
4186 9
4187 27
4188 5
4189 3
4190 7
4191 3
4192 11
4193 5
4194 10
4195 3
4196 6
4197 3
4198 8
4199 11
4200 5
4201 3
4202 7
4203 3
4204 15
4205 5
4206 17
4207 3
4208 6
4209 17
4210 3
4211 9
4212 11
4213 5
4214 3
4215 19
4216 7
4217 19
4218 19
4219 19
4220 3
4221 10
4222 19
4223 5
4224 3
4225 6
4226 3
4227 8
4228 21
4229 9
4230 5
4231 3
4232 7
4233 3
4234 12
4235 23
4236 5
4237 3
4238 6
4239 26
4240 26
4241 16
4242 16
4243 3
4244 9
4245 5
4246 3
4247 7
4248 3
4249 26
4250 11
4251 5
4252 3
4253 6
4254 3
4255 8
4256 5
4257 38
4258 3
4259 7
4260 66
4261 3
4262 22
4263 5
4264 3
4265 6
4266 3
4267 9
4268 22
4269 5
4270 3
4271 22
4272 7
4273 22
4274 30
4275 3
4276 10
4277 5
4278 22
4279 3
4280 6
4281 3
4282 8
4283 9
4284 5
4285 3
4286 7
4287 3
4288 13
4289 12
4290 5
4291 3
4292 6
4293 3
4294 26
4295 9
4296 5
4297 3
4298 7
4299 23
4300 23
4301 23
4302 3
4303 11
4304 5
4305 10
4306 3
4307 6
4308 3
4309 8
4310 5
4311 3
4312 7
4313 3
4314 14
4315 5
4316 13
4317 3
4318 6
4319 3
4320 9
4321 11
4322 5
4323 3
4324 7
4325 29
4326 29
4327 3
4328 10
4329 43
4330 5
4331 3
4332 6
4333 3
4334 8
4335 9
4336 5
4337 3
4338 7
4339 3
4340 12
4341 21
4342 14
4343 5
4344 3
4345 6
4346 3
4347 9
4348 13
4349 5
4350 3
4351 7
4352 3
4353 11
4354 5
4355 3
4356 6
4357 64
4358 3
4359 8
4360 13
4361 5
4362 3
4363 7
4364 3
4365 17
4366 5
4367 3
4368 6
4369 3
4370 9
4371 5
4372 3
4373 7
4374 3
4375 10
4376 18
4377 5
4378 12
4379 3
4380 6
4381 3
4382 8
4383 9
4384 5
4385 3
4386 7
4387 15
4388 15
4389 3
4390 13
4391 40
4392 5
4393 3
4394 6
4395 17
4396 17
4397 3
4398 9
4399 19
4400 5
4401 3
4402 7
4403 20
4404 3
4405 11
4406 5
4407 10
4408 3
4409 6
4410 3
4411 8
4412 11
4413 5
4414 3
4415 7
4416 3
4417 15
4418 24
4419 5
4420 15
4421 3
4422 6
4423 15
4424 33
4425 33
4426 33
4427 3
4428 33
4429 9
4430 33
4431 21
4432 11
4433 5
4434 21
4435 3
4436 21
4437 7
4438 21
4439 21
4440 21
4441 3
4442 10
4443 5
4444 14
4445 3
4446 6
4447 20
4448 3
4449 8
4450 9
4451 5
4452 3
4453 7
4454 3
4455 12
4456 5
4457 3
4458 6
4459 23
4460 23
4461 3
4462 9
4463 23
4464 5
4465 3
4466 7
4467 13
4468 13
4469 3
4470 11
4471 5
4472 3
4473 6
4474 3
4475 8
4476 31
4477 5
4478 3
4479 7
4480 22
4481 35
4482 3
4483 18
4484 31
4485 5
4486 41
4487 3
4488 6
4489 3
4490 9
4491 5
4492 3
4493 7
4494 3
4495 10
4496 5
4497 3
4498 6
4499 19
4500 109
4501 109
4502 16
4503 3
4504 8
4505 9
4506 5
4507 3
4508 7
4509 3
4510 13
4511 12
4512 5
4513 3
4514 6
4515 13
4516 13
4517 3
4518 22
4519 9
4520 15
4521 5
4522 3
4523 7
4524 3
4525 11
4526 56
4527 5
4528 10
4529 3
4530 6
4531 3
4532 8
4533 39
4534 5
4535 3
4536 7
4537 3
4538 14
4539 5
4540 3
4541 6
4542 3
4543 9
4544 11
4545 5
4546 3
4547 7
4548 34
4549 34
4550 3
4551 10
4552 5
4553 3
4554 6
4555 3
4556 8
4557 9
4558 5
4559 3
4560 7
4561 3
4562 12
4563 5
4564 3
4565 6
4566 24
4567 24
4568 3
4569 9
4570 13
4571 5
4572 3
4573 7
4574 31
4575 3
4576 11
4577 5
4578 3
4579 6
4580 3
4581 8
4582 5
4583 3
4584 7
4585 3
4586 16
4587 15
4588 5
4589 3
4590 6
4591 52
4592 52
4593 3
4594 9
4595 25
4596 5
4597 3
4598 7
4599 3
4600 10
4601 5
4602 12
4603 3
4604 6
4605 3
4606 8
4607 9
4608 5
4609 3
4610 7
4611 3
4612 13
4613 5
4614 28
4615 3
4616 6
4617 28
4618 28
4619 15
4620 15
4621 3
4622 9
4623 17
4624 5
4625 3
4626 7
4627 16
4628 16
4629 3
4630 28
4631 11
4632 5
4633 10
4634 3
4635 6
4636 24
4637 3
4638 8
4639 28
4640 11
4641 25
4642 5
4643 25
4644 3
4645 7
4646 30
4647 3
4648 15
4649 5
4650 3
4651 6
4652 3
4653 9
4654 11
4655 5
4656 3
4657 7
4658 3
4659 10
4660 25
4661 5
4662 3
4663 6
4664 3
4665 8
4666 17
4667 46
4668 14
4669 9
4670 5
4671 14
4672 3
4673 7
4674 46
4675 46
4676 46
4677 28
4678 3
4679 12
4680 16
4681 5
4682 3
4683 6
4684 3
4685 9
4686 5
4687 3
4688 7
4689 3
4690 11
4691 5
4692 3
4693 6
4694 3
4695 8
4696 45
4697 5
4698 3
4699 7
4700 3
4701 20
4702 20
4703 5
4704 3
4705 6
4706 17
4707 17
4708 3
4709 27
4710 9
4711 5
4712 3
4713 7
4714 3
4715 10
4716 46
4717 5
4718 3
4719 6
4720 44
4721 29
4722 3
4723 8
4724 9
4725 5
4726 3
4727 7
4728 3
4729 13
4730 12
4731 5
4732 36
4733 3
4734 6
4735 3
4736 18
4737 9
4738 5
4739 3
4740 7
4741 19
4742 3
4743 11
4744 29
4745 5
4746 10
4747 3
4748 6
4749 3
4750 8
4751 5
4752 3
4753 7
4754 24
4755 3
4756 14
4757 5
4758 13
4759 3
4760 6
4761 3
4762 9
4763 11
4764 5
4765 3
4766 14
4767 7
4768 14
4769 3
4770 10
4771 5
4772 16
4773 3
4774 6
4775 69
4776 3
4777 8
4778 9
4779 5
4780 3
4781 7
4782 3
4783 12
4784 14
4785 5
4786 21
4787 3
4788 6
4789 3
4790 9
4791 13
4792 5
4793 3
4794 7
4795 17
4796 17
4797 21
4798 21
4799 3
4800 47
4801 11
4802 5
4803 3
4804 6
4805 3
4806 8
4807 13
4808 5
4809 3
4810 23
4811 7
4812 3
4813 17
4814 25
4815 5
4816 3
4817 6
4818 3
4819 9
4820 5
4821 3
4822 7
4823 3
4824 10
4825 16
4826 5
4827 12
4828 3
4829 6
4830 3
4831 8
4832 9
4833 5
4834 3
4835 7
4836 3
4837 13
4838 5
4839 3
4840 6
4841 19
4842 19
4843 3
4844 9
4845 21
4846 5
4847 3
4848 7
4849 21
4850 21
4851 38
4852 38
4853 3
4854 11
4855 5
4856 10
4857 3
4858 6
4859 3
4860 8
4861 11
4862 5
4863 3
4864 7
4865 22
4866 3
4867 38
4868 15
4869 5
4870 3
4871 6
4872 3
4873 9
4874 11
4875 5
4876 3
4877 7
4878 3
4879 10
4880 5
4881 14
4882 3
4883 6
4884 3
4885 8
4886 16
4887 9
4888 5
4889 16
4890 3
4891 38
4892 7
4893 38
4894 16
4895 16
4896 24
4897 3
4898 12
4899 18
4900 5
4901 3
4902 6
4903 3
4904 9
4905 5
4906 3
4907 7
4908 13
4909 13
4910 3
4911 11
4912 5
4913 3
4914 6
4915 32
4916 3
4917 8
4918 66
4919 15
4920 19
4921 5
4922 19
4923 3
4924 7
4925 3
4926 19
4927 5
4928 3
4929 6
4930 27
4931 3
4932 9
4933 5
4934 3
4935 7
4936 3
4937 10
4938 5
4939 3
4940 6
4941 22
4942 3
4943 8
4944 9
4945 5
4946 3
4947 7
4948 29
4949 29
4950 3
4951 13
4952 12
4953 5
4954 3
4955 6
4956 13
4957 13
4958 3
4959 9
4960 15
4961 5
4962 3
4963 7
4964 3
4965 11
4966 5
4967 10
4968 3
4969 6
4970 3
4971 8
4972 35
4973 5
4974 3
4975 7
4976 3
4977 14
4978 5
4979 3
4980 6
4981 3
4982 9
4983 11
4984 5
4985 3
4986 7
4987 3
4988 10
4989 5
4990 3
4991 6
4992 3
4993 8
4994 19
4995 9
4996 5
4997 19
4998 3
4999 7
5000 3
5001 12
5002 28
5003 5
5004 3
5005 6
5006 28
5007 28
5008 3
5009 9
5010 13
5011 5
5012 3
5013 7
5014 15
5015 15
5016 3
5017 11
5018 5
5019 3
5020 6
5021 27
5022 3
5023 8
5024 5
5025 3
5026 7
5027 35
5028 3
5029 16
5030 5
5031 3
5032 6
5033 3
5034 18
5035 9
5036 5
5037 3
5038 7
5039 3
5040 10
5041 5
5042 12
5043 3
5044 6
5045 34
5046 3
5047 8
5048 26
5049 9
5050 5
5051 26
5052 3
5053 7
5054 17
5055 17
5056 3
5057 30
5058 13
5059 26
5060 5
5061 26
5062 3
5063 6
5064 36
5065 36
5066 3
5067 9
5068 5
5069 3
5070 7
5071 46
5072 28
5073 28
5074 3
5075 28
5076 11
5077 5
5078 10
5079 3
5080 6
5081 3
5082 8
5083 11
5084 30
5085 5
5086 30
5087 3
5088 30
5089 7
5090 28
5091 28
5092 3
5093 15
5094 30
5095 5
5096 3
5097 6
5098 3
5099 9
5100 11
5101 5
5102 3
5103 17
5104 7
5105 17
5106 17
5107 17
5108 3
5109 10
5110 5
5111 3
5112 6
5113 3
5114 8
5115 19
5116 51
5117 9
5118 5
5119 3
5120 51
5121 7
5122 51
5123 3
5124 12
5125 63
5126 34
5127 5
5128 3
5129 6
5130 3
5131 31
5132 9
5133 5
5134 3
5135 7
5136 3
5137 24
5138 11
5139 5
5140 3
5141 6
5142 3
5143 8
5144 5
5145 3
5146 7
5147 3
5148 24
5149 88
5150 21
5151 5
5152 3
5153 6
5154 3
5155 9
5156 5
5157 3
5158 7
5159 3
5160 10
5161 5
5162 3
5163 6
5164 51
5165 3
5166 8
5167 9
5168 5
5169 3
5170 7
5171 3
5172 13
5173 12
5174 5
5175 3
5176 6
5177 3
5178 9
5179 5
5180 3
5181 7
5182 3
5183 11
5184 5
5185 10
5186 3
5187 6
5188 3
5189 8
5190 5
5191 3
5192 7
5193 36
5194 3
5195 14
5196 36
5197 5
5198 13
5199 3
5200 6
5201 3
5202 9
5203 11
5204 5
5205 3
5206 7
5207 3
5208 10
5209 5
5210 3
5211 6
5212 117
5213 3
5214 8
5215 23
5216 9
5217 5
5218 23
5219 3
5220 7
5221 3
5222 12
5223 14
5224 5
5225 3
5226 6
5227 17
5228 17
5229 23
5230 23
5231 3
5232 9
5233 13
5234 5
5235 3
5236 7
5237 19
5238 19
5239 3
5240 11
5241 5
5242 3
5243 6
5244 3
5245 8
5246 13
5247 5
5248 3
5249 7
5250 48
5251 48
5252 48
5253 3
5254 17
5255 17
5256 5
5257 3
5258 6
5259 3
5260 9
5261 5
5262 3
5263 7
5264 3
5265 10
5266 5
5267 12
5268 3
5269 6
5270 41
5271 3
5272 8
5273 41
5274 9
5275 5
5276 41
5277 3
5278 41
5279 7
5280 41
5281 15
5282 15
5283 3
5284 13
5285 29
5286 5
5287 29
5288 3
5289 6
5290 41
5291 3
5292 9
5293 5
5294 3
5295 7
5296 3
5297 11
5298 62
5299 5
5300 10
5301 3
5302 6
5303 3
5304 8
5305 21
5306 11
5307 5
5308 3
5309 7
5310 3
5311 15
5312 5
5313 15
5314 3
5315 6
5316 15
5317 3
5318 9
5319 22
5320 11
5321 5
5322 22
5323 3
5324 7
5325 44
5326 3
5327 10
5328 5
5329 14
5330 3
5331 6
5332 25
5333 3
5334 8
5335 39
5336 24
5337 9
5338 5
5339 24
5340 3
5341 7
5342 24
5343 24
5344 3
5345 12
5346 26
5347 5
5348 3
5349 6
5350 3
5351 9
5352 31
5353 5
5354 3
5355 7
5356 13
5357 13
5358 3
5359 11
5360 5
5361 3
5362 6
5363 3
5364 8
5365 5
5366 3
5367 7
5368 24
5369 24
5370 43
5371 3
5372 18
5373 27
5374 5
5375 3
5376 6
5377 3
5378 9
5379 15
5380 5
5381 3
5382 7
5383 3
5384 10
5385 5
5386 3
5387 6
5388 23
5389 3
5390 8
5391 9
5392 5
5393 3
5394 7
5395 64
5396 64
5397 18
5398 18
5399 3
5400 13
5401 12
5402 5
5403 3
5404 6
5405 13
5406 13
5407 3
5408 9
5409 15
5410 5
5411 3
5412 7
5413 3
5414 11
5415 33
5416 5
5417 10
5418 3
5419 6
5420 3
5421 8
5422 5
5423 3
5424 16
5425 7
5426 16
5427 42
5428 3
5429 14
5430 5
5431 3
5432 6
5433 3
5434 9
5435 11
5436 5
5437 3
5438 18
5439 7
5440 18
5441 3
5442 10
5443 26
5444 5
5445 20
5446 3
5447 6
5448 32
5449 3
5450 8
5451 9
5452 5
5453 3
5454 7
5455 3
5456 12
5457 5
5458 3
5459 6
5460 3
5461 9
5462 13
5463 5
5464 3
5465 7
5466 3
5467 20
5468 11
5469 5
5470 3
5471 6
5472 3
5473 8
5474 5
5475 3
5476 7
5477 45
5478 3
5479 16
5480 15
5481 5
5482 3
5483 6
5484 33
5485 33
5486 3
5487 16
5488 9
5489 5
5490 3
5491 7
5492 3
5493 10
5494 33
5495 5
5496 12
5497 3
5498 6
5499 3
5500 8
5501 33
5502 9
5503 5
5504 3
5505 7
5506 19
5507 19
5508 3
5509 13
5510 5
5511 36
5512 3
5513 6
5514 23
5515 23
5516 15
5517 15
5518 3
5519 23
5520 9
5521 17
5522 5
5523 3
5524 7
5525 3
5526 24
5527 11
5528 5
5529 10
5530 3
5531 6
5532 33
5533 18
5534 3
5535 8
5536 11
5537 19
5538 5
5539 19
5540 3
5541 7
5542 3
5543 15
5544 38
5545 5
5546 21
5547 3
5548 6
5549 21
5550 3
5551 9
5552 11
5553 5
5554 3
5555 7
5556 41
5557 3
5558 10
5559 5
5560 3
5561 6
5562 27
5563 3
5564 8
5565 14
5566 9
5567 5
5568 14
5569 3
5570 7
5571 3
5572 12
5573 16
5574 5
5575 3
5576 6
5577 22
5578 22
5579 18
5580 18
5581 3
5582 9
5583 54
5584 5
5585 3
5586 7
5587 3
5588 11
5589 5
5590 3
5591 6
5592 3
5593 8
5594 17
5595 5
5596 3
5597 7
5598 30
5599 30
5600 35
5601 35
5602 3
5603 21
5604 5
5605 3
5606 6
5607 3
5608 9
5609 5
5610 3
5611 7
5612 3
5613 10
5614 5
5615 3
5616 6
5617 28
5618 25
5619 3
5620 8
5621 9
5622 5
5623 3
5624 7
5625 3
5626 13
5627 30
5628 12
5629 5
5630 3
5631 6
5632 52
5633 3
5634 9
5635 30
5636 52
5637 5
5638 3
5639 7
5640 17
5641 3
5642 11
5643 5
5644 10
5645 3
5646 6
5647 3
5648 8
5649 5
5650 3
5651 7
5652 3
5653 14
5654 5
5655 13
5656 3
5657 6
5658 3
5659 9
5660 11
5661 5
5662 3
5663 14
5664 7
5665 14
5666 37
5667 3
5668 10
5669 37
5670 5
5671 16
5672 3
5673 6
5674 23
5675 3
5676 8
5677 9
5678 5
5679 3
5680 7
5681 3
5682 12
5683 14
5684 5
5685 3
5686 6
5687 22
5688 22
5689 22
5690 22
5691 3
5692 9
5693 13
5694 5
5695 3
5696 7
5697 30
5698 30
5699 3
5700 11
5701 5
5702 3
5703 6
5704 3
5705 8
5706 13
5707 5
5708 3
5709 7
5710 3
5711 26
5712 17
5713 5
5714 3
5715 6
5716 29
5717 29
5718 3
5719 19
5720 9
5721 5
5722 3
5723 7
5724 3
5725 10
5726 21
5727 5
5728 12
5729 3
5730 6
5731 25
5732 3
5733 8
5734 9
5735 5
5736 3
5737 7
5738 31
5739 31
5740 3
5741 13
5742 5
5743 41
5744 3
5745 6
5746 23
5747 23
5748 3
5749 9
5750 25
5751 5
5752 3
5753 7
5754 3
5755 11
5756 5
5757 10
5758 3
5759 6
5760 3
5761 8
5762 11
5763 25
5764 5
5765 25
5766 3
5767 7
5768 33
5769 33
5770 24
5771 24
5772 3
5773 15
5774 5
5775 25
5776 3
5777 6
5778 25
5779 3
5780 9
5781 11
5782 5
5783 3
5784 7
5785 3
5786 10
5787 5
5788 14
5789 3
5790 6
5791 3
5792 8
5793 9
5794 5
5795 3
5796 7
5797 3
5798 12
5799 5
5800 3
5801 6
5802 26
5803 26
5804 26
5805 26
5806 3
5807 9
5808 5
5809 3
5810 7
5811 13
5812 13
5813 19
5814 19
5815 3
5816 11
5817 5
5818 3
5819 6
5820 3
5821 8
5822 15
5823 5
5824 3
5825 7
5826 3
5827 19
5828 5
5829 16
5830 3
5831 6
5832 3
5833 9
5834 5
5835 3
5836 7
5837 3
5838 10
5839 32
5840 5
5841 24
5842 3
5843 6
5844 17
5845 18
5846 3
5847 8
5848 9
5849 5
5850 3
5851 7
5852 3
5853 13
5854 12
5855 5
5856 3
5857 6
5858 13
5859 13
5860 3
5861 9
5862 15
5863 5
5864 3
5865 7
5866 35
5867 35
5868 3
5869 11
5870 5
5871 10
5872 3
5873 6
5874 3
5875 8
5876 5
5877 3
5878 7
5879 3
5880 14
5881 5
5882 3
5883 6
5884 3
5885 9
5886 11
5887 5
5888 3
5889 16
5890 7
5891 16
5892 3
5893 10
5894 5
5895 18
5896 3
5897 6
5898 112
5899 3
5900 8
5901 17
5902 9
5903 5
5904 17
5905 3
5906 7
5907 3
5908 12
5909 43
5910 5
5911 3
5912 6
5913 3
5914 9
5915 13
5916 5
5917 3
5918 7
5919 21
5920 15
5921 15
5922 3
5923 11
5924 5
5925 18
5926 3
5927 6
5928 3
5929 8
5930 5
5931 3
5932 7
5933 18
5934 18
5935 3
5936 16
5937 46
5938 43
5939 5
5940 3
5941 6
5942 3
5943 20
5944 9
5945 5
5946 3
5947 7
5948 3
5949 10
5950 5
5951 12
5952 3
5953 6
5954 3
5955 8
5956 9
5957 5
5958 3
5959 7
5960 3
5961 13
5962 5
5963 3
5964 6
5965 3
5966 9
5967 5
5968 3
5969 7
5970 27
5971 18
5972 18
5973 3
5974 18
5975 11
5976 36
5977 5
5978 10
5979 3
5980 6
5981 36
5982 36
5983 3
5984 8
5985 11
5986 24
5987 5
5988 24
5989 3
5990 24
5991 7
5992 3
5993 15
5994 5
5995 17
5996 3
5997 6
5998 17
5999 3
6000 9
6001 57
6002 11
6003 5
6004 3
6005 7
6006 35
6007 3
6008 10
6009 35
6010 5
6011 3
6012 6
6013 3
6014 8
6015 9
6016 5
6017 3
6018 7
6019 26
6020 26
6021 26
6022 3
6023 12
6024 90
6025 26
6026 5
6027 3
6028 6
6029 16
6030 16
6031 3
6032 9
6033 5
6034 3
6035 7
6036 3
6037 11
6038 70
6039 5
6040 34
6041 3
6042 6
6043 3
6044 8
6045 19
6046 5
6047 3
6048 7
6049 38
6050 38
6051 3
6052 23
6053 34
6054 5
6055 44
6056 3
6057 6
6058 44
6059 3
6060 9
6061 5
6062 3
6063 7
6064 3
6065 10
6066 5
6067 3
6068 6
6069 3
6070 8
6071 9
6072 5
6073 3
6074 112
6075 7
6076 19
6077 19
6078 38
6079 38
6080 3
6081 13
6082 12
6083 5
6084 3
6085 6
6086 3
6087 9
6088 5
6089 3
6090 7
6091 3
6092 11
6093 5
6094 10
6095 3
6096 6
6097 3
6098 8
6099 5
6100 3
6101 7
6102 3
6103 14
6104 59
6105 5
6106 13
6107 3
6108 6
6109 3
6110 9
6111 11
6112 5
6113 3
6114 7
6115 3
6116 10
6117 5
6118 39
6119 3
6120 6
6121 3
6122 8
6123 9
6124 5
6125 3
6126 7
6127 3
6128 12
6129 14
6130 5
6131 3
6132 6
6133 37
6134 37
6135 3
6136 9
6137 13
6138 5
6139 3
6140 7
6141 3
6142 11
6143 5
6144 3
6145 6
6146 3
6147 8
6148 13
6149 5
6150 3
6151 7
6152 21
6153 3
6154 17
6155 5
6156 3
6157 6
6158 27
6159 27
6160 3
6161 9
6162 5
6163 3
6164 7
6165 3
6166 10
6167 5
6168 12
6169 3
6170 6
6171 3
6172 8
6173 9
6174 5
6175 3
6176 7
6177 15
6178 15
6179 3
6180 13
6181 5
6182 3
6183 6
6184 17
6185 17
6186 3
6187 9
6188 19
6189 5
6190 3
6191 7
6192 3
6193 11
6194 55
6195 5
6196 10
6197 3
6198 6
6199 28
6200 28
6201 3
6202 8
6203 19
6204 11
6205 5
6206 3
6207 7
6208 3
6209 15
6210 5
6211 15
6212 3
6213 6
6214 15
6215 28
6216 3
6217 9
6218 11
6219 5
6220 3
6221 7
6222 3
6223 10
6224 5
6225 14
6226 3
6227 6
6228 56
6229 3
6230 8
6231 18
6232 9
6233 5
6234 18
6235 3
6236 31
6237 7
6238 31
6239 18
6240 18
6241 3
6242 12
6243 20
6244 5
6245 3
6246 6
6247 19
6248 19
6249 3
6250 9
6251 31
6252 5
6253 3
6254 7
6255 13
6256 13
6257 3
6258 11
6259 5
6260 3
6261 6
6262 3
6263 8
6264 5
6265 33
6266 3
6267 7
6268 20
6269 3
6270 18
6271 5
6272 3
6273 6
6274 56
6275 3
6276 9
6277 5
6278 3
6279 7
6280 3
6281 10
6282 5
6283 3
6284 6
6285 16
6286 3
6287 8
6288 9
6289 5
6290 3
6291 7
6292 20
6293 20
6294 3
6295 20
6296 13
6297 12
6298 5
6299 17
6300 3
6301 6
6302 13
6303 13
6304 3
6305 49
6306 9
6307 15
6308 5
6309 3
6310 7
6311 3
6312 11
6313 5
6314 10
6315 3
6316 6
6317 3
6318 8
6319 62
6320 5
6321 3
6322 7
6323 30
6324 3
6325 14
6326 5
6327 3
6328 6
6329 18
6330 3
6331 9
6332 11
6333 5
6334 3
6335 7
6336 3
6337 10
6338 5
6339 3
6340 6
6341 3
6342 8
6343 23
6344 20
6345 9
6346 5
6347 20
6348 3
6349 7
6350 20
6351 20
6352 3
6353 12
6354 5
6355 3
6356 6
6357 3
6358 9
6359 13
6360 5
6361 3
6362 7
6363 3
6364 47
6365 11
6366 5
6367 3
6368 6
6369 3
6370 8
6371 5
6372 3
6373 7
6374 3
6375 16
6376 15
6377 5
6378 39
6379 3
6380 6
6381 3
6382 9
6383 21
6384 5
6385 3
6386 7
6387 3
6388 10
6389 5
6390 12
6391 3
6392 6
6393 32
6394 3
6395 8
6396 32
6397 9
6398 5
6399 3
6400 7
6401 3
6402 13
6403 18
6404 5
6405 3
6406 6
6407 15
6408 15
6409 3
6410 9
6411 17
6412 5
6413 3
6414 7
6415 16
6416 16
6417 3
6418 11
6419 5
6420 10
6421 3
6422 6
6423 3
6424 8
6425 11
6426 17
6427 5
6428 17
6429 3
6430 7
6431 25
6432 3
6433 15
6434 5
6435 19
6436 3
6437 6
6438 19
6439 3
6440 9
6441 11
6442 5
6443 3
6444 7
6445 3
6446 10
6447 21
6448 5
6449 3
6450 6
6451 28
6452 3
6453 8
6454 17
6455 24
6456 14
6457 9
6458 5
6459 14
6460 3
6461 7
6462 3
6463 12
6464 16
6465 5
6466 3
6467 6
6468 50
6469 20
6470 20
6471 3
6472 24
6473 9
6474 50
6475 5
6476 3
6477 7
6478 169
6479 3
6480 11
6481 5
6482 26
6483 3
6484 6
6485 3
6486 8
6487 26
6488 5
6489 3
6490 7
6491 36
6492 3
6493 20
6494 28
6495 5
6496 3
6497 6
6498 3
6499 9
6500 5
6501 3
6502 7
6503 3
6504 10
6505 5
6506 3
6507 6
6508 19
6509 3
6510 8
6511 9
6512 5
6513 3
6514 7
6515 3
6516 13
6517 12
6518 5
6519 3
6520 6
6521 3
6522 9
6523 5
6524 3
6525 7
6526 3
6527 11
6528 5
6529 10
6530 3
6531 6
6532 53
6533 3
6534 8
6535 5
6536 3
6537 24
6538 7
6539 24
6540 41
6541 41
6542 24
6543 3
6544 14
6545 5
6546 13
6547 3
6548 6
6549 3
6550 9
6551 11
6552 5
6553 3
6554 14
6555 7
6556 14
6557 3
6558 10
6559 5
6560 16
6561 3
6562 6
6563 3
6564 8
6565 9
6566 5
6567 3
6568 7
6569 3
6570 12
6571 14
6572 5
6573 3
6574 6
6575 3
6576 9
6577 13
6578 5
6579 3
6580 7
6581 17
6582 17
6583 3
6584 11
6585 5
6586 3
6587 6
6588 3
6589 8
6590 13
6591 41
6592 5
6593 41
6594 3
6595 19
6596 7
6597 3
6598 17
6599 21
6600 5
6601 3
6602 6
6603 3
6604 9
6605 5
6606 3
6607 7
6608 3
6609 10
6610 19
6611 16
6612 5
6613 12
6614 3
6615 6
6616 30
6617 3
6618 8
6619 9
6620 5
6621 3
6622 7
6623 3
6624 69
6625 13
6626 22
6627 5
6628 22
6629 3
6630 6
6631 3
6632 9
6633 5
6634 3
6635 7
6636 62
6637 62
6638 62
6639 3
6640 30
6641 11
6642 5
6643 10
6644 3
6645 6
6646 44
6647 3
6648 8
6649 28
6650 11
6651 5
6652 3
6653 7
6654 3
6655 15
6656 5
6657 3
6658 6
6659 3
6660 9
6661 11
6662 5
6663 3
6664 7
6665 3
6666 10
6667 32
6668 5
6669 14
6670 3
6671 6
6672 3
6673 8
6674 16
6675 9
6676 5
6677 16
6678 3
6679 7
6680 16
6681 16
6682 3
6683 12
6684 18
6685 5
6686 3
6687 6
6688 3
6689 9
6690 5
6691 3
6692 7
6693 13
6694 13
6695 3
6696 11
6697 60
6698 5
6699 38
6700 3
6701 6
6702 3
6703 8
6704 15
6705 5
6706 3
6707 7
6708 3
6709 19
6710 5
6711 3
6712 6
6713 25
6714 3
6715 9
6716 5
6717 3
6718 7
6719 3
6720 10
6721 5
6722 3
6723 6
6724 20
6725 3
6726 8
6727 9
6728 5
6729 3
6730 7
6731 21
6732 21
6733 3
6734 13
6735 31
6736 12
6737 5
6738 22
6739 3
6740 6
6741 13
6742 13
6743 3
6744 9
6745 31
6746 15
6747 5
6748 31
6749 3
6750 31
6751 7
6752 31
6753 3
6754 31
6755 11
6756 31
6757 5
6758 10
6759 3
6760 6
6761 31
6762 3
6763 8
6764 27
6765 5
6766 3
6767 18
6768 7
6769 18
6770 18
6771 3
6772 14
6773 5
6774 3
6775 6
6776 3
6777 9
6778 11
6779 5
6780 3
6781 7
6782 3
6783 10
6784 5
6785 3
6786 6
6787 3
6788 8
6789 21
6790 9
6791 5
6792 21
6793 3
6794 7
6795 3
6796 12
6797 5
6798 3
6799 6
6800 3
6801 9
6802 13
6803 5
6804 3
6805 7
6806 15
6807 15
6808 3
6809 37
6810 11
6811 5
6812 29
6813 3
6814 6
6815 3
6816 8
6817 5
6818 3
6819 7
6820 20
6821 20
6822 3
6823 16
6824 29
6825 5
6826 29
6827 3
6828 6
6829 29
6830 39
6831 3
6832 39
6833 9
6834 5
6835 3
6836 7
6837 3
6838 10
6839 31
6840 5
6841 12
6842 3
6843 6
6844 3
6845 8
6846 9
6847 5
6848 3
6849 7
6850 17
6851 17
6852 3
6853 13
6854 107
6855 33
6856 5
6857 33
6858 3
6859 6
6860 31
6861 3
6862 9
6863 5
6864 3
6865 7
6866 3
6867 11
6868 5
6869 10
6870 3
6871 6
6872 33
6873 3
6874 8
6875 11
6876 20
6877 5
6878 20
6879 3
6880 20
6881 7
6882 3
6883 15
6884 5
6885 3
6886 6
6887 3
6888 9
6889 54
6890 11
6891 5
6892 54
6893 3
6894 7
6895 3
6896 10
6897 35
6898 5
6899 3
6900 6
6901 37
6902 3
6903 8
6904 37
6905 9
6906 5
6907 3
6908 7
6909 3
6910 12
6911 5
6912 3
6913 6
6914 3
6915 9
6916 27
6917 5
6918 3
6919 7
6920 38
6921 38
6922 3
6923 11
6924 5
6925 3
6926 6
6927 3
6928 8
6929 25
6930 5
6931 3
6932 7
6933 3
6934 91
6935 29
6936 24
6937 5
6938 3
6939 6
6940 3
6941 9
6942 5
6943 3
6944 7
6945 3
6946 10
6947 5
6948 3
6949 6
6950 40
6951 3
6952 8
6953 9
6954 5
6955 3
6956 7
6957 3
6958 13
6959 12
6960 5
6961 3
6962 6
6963 3
6964 9
6965 5
6966 3
6967 7
6968 3
6969 11
6970 5
6971 10
6972 3
6973 6
6974 3
6975 8
6976 5
6977 3
6978 7
6979 3
6980 14
6981 5
6982 13
6983 3
6984 6
6985 3
6986 9
6987 50
6988 11
6989 5
6990 3
6991 7
6992 3
6993 10
6994 75
6995 5
6996 3
6997 6
6998 3
6999 8
7000 9
7001 5
7002 3
7003 7
7004 30
7005 3
7006 12
7007 24
7008 14
7009 5
7010 3
7011 6
7012 3
7013 9
7014 13
7015 5
7016 3
7017 7
7018 3
7019 11
7020 51
7021 5
7022 3
7023 6
7024 3
7025 8
7026 13
7027 5
7028 3
7029 7
7030 3
7031 17
7032 17
7033 5
7034 3
7035 6
7036 20
7037 20
7038 3
7039 26
7040 9
7041 5
7042 3
7043 7
7044 3
7045 10
7046 22
7047 5
7048 12
7049 3
7050 6
7051 26
7052 3
7053 8
7054 9
7055 5
7056 3
7057 7
7058 15
7059 15
7060 3
7061 13
7062 5
7063 3
7064 6
7065 51
7066 51
7067 3
7068 9
7069 5
7070 3
7071 7
7072 3
7073 11
7074 5
7075 10
7076 3
7077 6
7078 3
7079 8
7080 23
7081 11
7082 5
7083 3
7084 7
7085 3
7086 15
7087 5
7088 15
7089 3
7090 6
7091 15
7092 44
7093 3
7094 44
7095 9
7096 44
7097 11
7098 5
7099 3
7100 44
7101 7
7102 44
7103 44
7104 44
7105 3
7106 10
7107 5
7108 14
7109 3
7110 6
7111 44
7112 44
7113 3
7114 8
7115 22
7116 9
7117 5
7118 3
7119 7
7120 3
7121 12
7122 39
7123 5
7124 3
7125 6
7126 3
7127 9
7128 5
7129 3
7130 7
7131 65
7132 13
7133 13
7134 3
7135 11
7136 5
7137 3
7138 6
7139 43
7140 3
7141 8
7142 5
7143 3
7144 7
7145 22
7146 3
7147 18
7148 5
7149 18
7150 3
7151 6
7152 3
7153 9
7154 15
7155 5
7156 3
7157 25
7158 7
7159 25
7160 25
7161 25
7162 3
7163 10
7164 5
7165 3
7166 6
7167 3
7168 8
7169 44
7170 9
7171 5
7172 3
7173 7
7174 42
7175 42
7176 3
7177 42
7178 13
7179 12
7180 5
7181 27
7182 3
7183 6
7184 13
7185 13
7186 3
7187 9
7188 15
7189 5
7190 3
7191 7
7192 3
7193 11
7194 5
7195 10
7196 3
7197 6
7198 23
7199 3
7200 8
7201 5
7202 3
7203 16
7204 7
7205 16
7206 3
7207 14
7208 5
7209 3
7210 6
7211 3
7212 9
7213 27
7214 11
7215 5
7216 27
7217 3
7218 7
7219 3
7220 10
7221 27
7222 5
7223 3
7224 6
7225 3
7226 8
7227 9
7228 5
7229 3
7230 7
7231 3
7232 12
7233 5
7234 3
7235 6
7236 3
7237 9
7238 13
7239 5
7240 3
7241 7
7242 3
7243 26
7244 11
7245 5
7246 3
7247 6
7248 3
7249 8
7250 5
7251 3
7252 67
7253 7
7254 67
7255 21
7256 21
7257 67
7258 3
7259 16
7260 15
7261 5
7262 3
7263 6
7264 3
7265 16
7266 9
7267 5
7268 3
7269 7
7270 3
7271 10
7272 5
7273 12
7274 3
7275 6
7276 36
7277 3
7278 8
7279 36
7280 9
7281 5
7282 3
7283 7
7284 3
7285 13
7286 5
7287 3
7288 6
7289 19
7290 19
7291 15
7292 15
7293 3
7294 45
7295 9
7296 17
7297 5
7298 3
7299 7
7300 3
7301 11
7302 5
7303 10
7304 3
7305 6
7306 3
7307 8
7308 11
7309 21
7310 5
7311 21
7312 3
7313 7
7314 31
7315 31
7316 3
7317 15
7318 29
7319 5
7320 23
7321 3
7322 6
7323 23
7324 3
7325 9
7326 11
7327 5
7328 3
7329 7
7330 3
7331 10
7332 5
7333 3
7334 6
7335 35
7336 3
7337 8
7338 23
7339 14
7340 9
7341 5
7342 14
7343 3
7344 7
7345 3
7346 12
7347 16
7348 5
7349 3
7350 6
7351 3
7352 9
7353 23
7354 5
7355 3
7356 7
7357 3
7358 11
7359 5
7360 3
7361 6
7362 25
7363 3
7364 8
7365 17
7366 5
7367 3
7368 7
7369 48
7370 48
7371 3
7372 21
7373 18
7374 5
7375 3
7376 6
7377 36
7378 36
7379 19
7380 19
7381 3
7382 9
7383 19
7384 5
7385 3
7386 7
7387 3
7388 10
7389 5
7390 3
7391 6
7392 36
7393 3
7394 8
7395 9
7396 5
7397 3
7398 7
7399 3
7400 36
7401 13
7402 12
7403 5
7404 3
7405 6
7406 3
7407 22
7408 9
7409 5
7410 3
7411 7
7412 39
7413 39
7414 3
7415 11
7416 26
7417 5
7418 10
7419 3
7420 6
7421 3
7422 8
7423 33
7424 5
7425 3
7426 7
7427 3
7428 14
7429 5
7430 13
7431 3
7432 6
7433 3
7434 36
7435 9
7436 36
7437 36
7438 11
7439 5
7440 36
7441 3
7442 14
7443 7
7444 14
7445 22
7446 22
7447 3
7448 10
7449 5
7450 16
7451 3
7452 6
7453 3
7454 8
7455 41
7456 9
7457 5
7458 3
7459 7
7460 3
7461 12
7462 14
7463 5
7464 3
7465 6
7466 3
7467 9
7468 13
7469 5
7470 3
7471 7
7472 30
7473 30
7474 30
7475 3
7476 30
7477 11
7478 5
7479 3
7480 6
7481 64
7482 3
7483 8
7484 13
7485 5
7486 3
7487 7
7488 3
7489 17
7490 19
7491 5
7492 3
7493 6
7494 57
7495 25
7496 25
7497 3
7498 21
7499 9
7500 5
7501 3
7502 7
7503 3
7504 10
7505 23
7506 5
7507 12
7508 3
7509 6
7510 3
7511 8
7512 9
7513 5
7514 3
7515 7
7516 3
7517 13
7518 5
7519 3
7520 6
7521 3
7522 38
7523 9
7524 5
7525 3
7526 7
7527 27
7528 3
7529 11
7530 5
7531 10
7532 3
7533 6
7534 3
7535 8
7536 11
7537 5
7538 3
7539 7
7540 29
7541 29
7542 3
7543 15
7544 5
7545 3
7546 6
7547 3
7548 9
7549 11
7550 5
7551 3
7552 7
7553 3
7554 10
7555 5
7556 14
7557 3
7558 6
7559 3
7560 8
7561 9
7562 5
7563 3
7564 7
7565 3
7566 12
7567 55
7568 5
7569 3
7570 6
7571 20
7572 20
7573 3
7574 9
7575 5
7576 3
7577 7
7578 13
7579 13
7580 3
7581 11
7582 5
7583 3
7584 6
7585 3
7586 8
7587 15
7588 5
7589 3
7590 7
7591 3
7592 19
7593 5
7594 16
7595 3
7596 6
7597 21
7598 21
7599 3
7600 9
7601 17
7602 5
7603 3
7604 7
7605 3
7606 10
7607 5
7608 3
7609 6
7610 17
7611 26
7612 3
7613 8
7614 49
7615 9
7616 5
7617 3
7618 7
7619 3
7620 13
7621 12
7622 5
7623 3
7624 6
7625 13
7626 13
7627 3
7628 9
7629 15
7630 5
7631 3
7632 7
7633 3
7634 11
7635 25
7636 5
7637 10
7638 3
7639 6
7640 3
7641 8
7642 22
7643 5
7644 3
7645 7
7646 33
7647 33
7648 3
7649 14
7650 5
7651 3
7652 6
7653 27
7654 3
7655 9
7656 11
7657 5
7658 3
7659 16
7660 7
7661 16
7662 3
7663 10
7664 5
7665 18
7666 3
7667 6
7668 3
7669 8
7670 9
7671 5
7672 3
7673 7
7674 32
7675 32
7676 32
7677 32
7678 3
7679 12
7680 32
7681 5
7682 3
7683 6
7684 3
7685 9
7686 13
7687 5
7688 3
7689 7
7690 15
7691 15
7692 3
7693 28
7694 11
7695 5
7696 24
7697 3
7698 6
7699 177
7700 3
7701 8
7702 34
7703 5
7704 3
7705 7
7706 34
7707 34
7708 3
7709 16
7710 5
7711 44
7712 3
7713 6
7714 44
7715 44
7716 3
7717 26
7718 9
7719 5
7720 3
7721 7
7722 3
7723 10
7724 36
7725 5
7726 12
7727 3
7728 6
7729 3
7730 8
7731 28
7732 9
7733 5
7734 28
7735 3
7736 7
7737 26
7738 3
7739 13
7740 28
7741 5
7742 28
7743 3
7744 6
7745 3
7746 27
7747 9
7748 5
7749 3
7750 7
7751 28
7752 28
7753 3
7754 28
7755 11
7756 5
7757 10
7758 3
7759 6
7760 3
7761 8
7762 11
7763 5
7764 3
7765 7
7766 3
7767 15
7768 5
7769 17
7770 3
7771 6
7772 17
7773 3
7774 9
7775 49
7776 11
7777 5
7778 49
7779 3
7780 7
7781 61
7782 3
7783 10
7784 61
7785 5
7786 32
7787 3
7788 6
7789 3
7790 8
7791 9
7792 5
7793 3
7794 29
7795 7
7796 29
7797 29
7798 29
7799 29
7800 3
7801 12
7802 5
7803 3
7804 6
7805 29
7806 16
7807 16
7808 3
7809 22
7810 9
7811 5
7812 3
7813 7
7814 33
7815 3
7816 11
7817 5
7818 3
7819 6
7820 101
7821 3
7822 8
7823 5
7824 3
7825 7
7826 3
7827 22
7828 86
7829 5
7830 19
7831 3
7832 6
7833 19
7834 3
7835 9
7836 5
7837 3
7838 7
7839 3
7840 10
7841 5
7842 3
7843 6
7844 35
7845 3
7846 8
7847 9
7848 5
7849 3
7850 7
7851 21
7852 21
7853 49
7854 49
7855 3
7856 13
7857 12
7858 5
7859 3
7860 6
7861 3
7862 9
7863 5
7864 3
7865 7
7866 3
7867 11
7868 5
7869 10
7870 3
7871 6
7872 3
7873 8
7874 5
7875 3
7876 7
7877 38
7878 38
7879 57
7880 3
7881 14
7882 5
7883 13
7884 3
7885 6
7886 3
7887 9
7888 11
7889 5
7890 3
7891 7
7892 30
7893 3
7894 10
7895 5
7896 3
7897 6
7898 3
7899 8
7900 9
7901 5
7902 3
7903 7
7904 38
7905 3
7906 12
7907 34
7908 14
7909 5
7910 3
7911 6
7912 19
7913 19
7914 3
7915 9
7916 13
7917 5
7918 3
7919 7
7920 21
7921 21
7922 3
7923 11
7924 5
7925 3
7926 6
7927 3
7928 8
7929 13
7930 5
7931 3
7932 7
7933 3
7934 17
7935 5
7936 3
7937 6
7938 3
7939 9
7940 21
7941 5
7942 3
7943 7
7944 3
7945 10
7946 18
7947 5
7948 12
7949 3
7950 6
7951 24
7952 3
7953 8
7954 21
7955 9
7956 5
7957 21
7958 3
7959 7
7960 15
7961 15
7962 3
7963 13
7964 5
7965 3
7966 6
7967 17
7968 17
7969 3
7970 9
7971 19
7972 5
7973 3
7974 7
7975 3
7976 11
7977 5
7978 10
7979 3
7980 6
7981 3
7982 8
7983 11
7984 5
7985 3
7986 7
7987 46
7988 3
7989 15
7990 5
7991 15
7992 3
7993 6
7994 15
7995 3
7996 9
7997 11
7998 5
7999 3
8000 7
8001 3
8002 10
8003 5
8004 14
8005 3
8006 6
8007 3
8008 8
8009 9
8010 5
8011 3
8012 7
8013 3
8014 12
8015 39
8016 5
8017 3
8018 6
8019 30
8020 30
8021 21
8022 21
8023 3
8024 9
8025 39
8026 21
8027 5
8028 39
8029 3
8030 7
8031 13
8032 13
8033 39
8034 39
8035 3
8036 11
8037 39
8038 39
8039 5
8040 27
8041 3
8042 6
8043 39
8044 39
8045 3
8046 8
8047 27
8048 5
8049 3
8050 7
8051 24
8052 3
8053 18
8054 5
8055 20
8056 3
8057 6
8058 26
8059 3
8060 9
8061 5
8062 60
8063 3
8064 7
8065 3
8066 10
8067 5
8068 3
8069 6
8070 19
8071 16
8072 3
8073 8
8074 9
8075 5
8076 3
8077 7
8078 3
8079 13
8080 12
8081 5
8082 3
8083 6
8084 13
8085 13
8086 3
8087 29
8088 9
8089 15
8090 5
8091 3
8092 7
8093 3
8094 11
8095 5
8096 10
8097 3
8098 6
8099 42
8100 3
8101 8
8102 5
8103 3
8104 7
8105 23
8106 3
8107 14
8108 5
8109 37
8110 3
8111 6
8112 37
8113 3
8114 9
8115 11
8116 5
8117 3
8118 22
8119 7
8120 22
8121 3
8122 10
8123 41
8124 5
8125 24
8126 3
8127 6
8128 32
8129 25
8130 3
8131 8
8132 37
8133 9
8134 5
8135 3
8136 7
8137 47
8138 3
8139 12
8140 29
8141 5
8142 3
8143 6
8144 3
8145 9
8146 13
8147 5
8148 3
8149 7
8150 3
8151 11
8152 5
8153 3
8154 6
8155 3
8156 8
8157 115
8158 5
8159 3
8160 22
8161 7
8162 22
8163 41
8164 41
8165 3
8166 16
8167 25
8168 15
8169 5
8170 3
8171 6
8172 3
8173 9
8174 5
8175 3
8176 7
8177 3
8178 10
8179 5
8180 12
8181 3
8182 6
8183 3
8184 8
8185 9
8186 5
8187 3
8188 7
8189 21
8190 21
8191 3
8192 13
8193 5
8194 3
8195 6
8196 15
8197 15
8198 3
8199 9
8200 17
8201 5
8202 3
8203 7
8204 62
8205 16
8206 16
8207 62
8208 62
8209 3
8210 11
8211 5
8212 10
8213 3
8214 6
8215 3
8216 8
8217 74
8218 11
8219 5
8220 3
8221 7
8222 3
8223 15
8224 5
8225 42
8226 3
8227 6
8228 42
8229 3
8230 9
8231 31
8232 11
8233 5
8234 31
8235 3
8236 7
8237 3
8238 10
8239 23
8240 5
8241 3
8242 6
8243 3
8244 8
8245 17
8246 14
8247 9
8248 5
8249 14
8250 3
8251 7
8252 40
8253 40
8254 40
8255 3
8256 12
8257 16
8258 5
8259 3
8260 6
8261 3
8262 9
8263 5
8264 3
8265 7
8266 3
8267 11
8268 5
8269 3
8270 6
8271 26
8272 3
8273 8
8274 5
8275 24
8276 3
8277 7
8278 3
8279 20
8280 55
8281 5
8282 3
8283 6
8284 17
8285 17
8286 3
8287 30
8288 9
8289 5
8290 3
8291 7
8292 3
8293 10
8294 5
8295 3
8296 6
8297 20
8298 3
8299 8
8300 37
8301 9
8302 5
8303 3
8304 7
8305 3
8306 13
8307 12
8308 5
8309 3
8310 6
8311 3
8312 18
8313 9
8314 5
8315 3
8316 7
8317 3
8318 11
8319 5
8320 10
8321 3
8322 6
8323 3
8324 8
8325 83
8326 5
8327 3
8328 7
8329 3
8330 14
8331 58
8332 5
8333 13
8334 3
8335 6
8336 31
8337 31
8338 3
8339 9
8340 11
8341 5
8342 3
8343 14
8344 7
8345 14
8346 3
8347 10
8348 5
8349 16
8350 3
8351 6
8352 3
8353 8
8354 31
8355 9
8356 5
8357 31
8358 3
8359 7
8360 3
8361 12
8362 14
8363 5
8364 3
8365 6
8366 31
8367 31
8368 3
8369 9
8370 13
8371 5
8372 3
8373 7
8374 17
8375 17
8376 3
8377 11
8378 5
8379 3
8380 6
8381 3
8382 8
8383 13
8384 34
8385 5
8386 34
8387 3
8388 21
8389 7
8390 3
8391 17
8392 23
8393 5
8394 3
8395 6
8396 3
8397 22
8398 9
8399 5
8400 3
8401 7
8402 3
8403 10
8404 31
8405 16
8406 5
8407 12
8408 3
8409 6
8410 3
8411 8
8412 9
8413 5
8414 3
8415 7
8416 31
8417 31
8418 3
8419 13
8420 5
8421 36
8422 3
8423 6
8424 19
8425 19
8426 3
8427 23
8428 9
8429 21
8430 5
8431 3
8432 7
8433 3
8434 59
8435 11
8436 31
8437 5
8438 10
8439 3
8440 6
8441 3
8442 8
8443 11
8444 5
8445 3
8446 7
8447 25
8448 25
8449 25
8450 3
8451 15
8452 5
8453 3
8454 6
8455 3
8456 9
8457 11
8458 5
8459 3
8460 7
8461 3
8462 10
8463 5
8464 14
8465 3
8466 6
8467 3
8468 8
8469 16
8470 9
8471 5
8472 16
8473 3
8474 7
8475 16
8476 16
8477 52
8478 20
8479 3
8480 12
8481 18
8482 5
8483 3
8484 6
8485 3
8486 9
8487 5
8488 3
8489 7
8490 13
8491 13
8492 3
8493 11
8494 5
8495 3
8496 6
8497 3
8498 8
8499 15
8500 5
8501 3
8502 7
8503 28
8504 33
8505 33
8506 33
8507 33
8508 3
8509 19
8510 5
8511 3
8512 6
8513 73
8514 3
8515 9
8516 5
8517 3
8518 7
8519 3
8520 10
8521 5
8522 3
8523 6
8524 24
8525 3
8526 8
8527 9
8528 5
8529 3
8530 7
8531 26
8532 26
8533 3
8534 26
8535 13
8536 12
8537 5
8538 23
8539 3
8540 6
8541 13
8542 13
8543 3
8544 9
8545 15
8546 5
8547 3
8548 7
8549 3
8550 11
8551 5
8552 10
8553 3
8554 6
8555 3
8556 8
8557 5
8558 3
8559 7
8560 3
8561 14
8562 5
8563 3
8564 6
8565 35
8566 3
8567 9
8568 11
8569 5
8570 3
8571 7
8572 3
8573 10
8574 54
8575 5
8576 3
8577 6
8578 3
8579 8
8580 9
8581 5
8582 3
8583 7
8584 3
8585 12
8586 24
8587 5
8588 3
8589 6
8590 3
8591 9
8592 13
8593 5
8594 3
8595 7
8596 15
8597 15
8598 3
8599 11
8600 5
8601 3
8602 6
8603 3
8604 8
8605 35
8606 5
8607 3
8608 7
8609 34
8610 3
8611 16
8612 34
8613 21
8614 5
8615 3
8616 6
8617 3
8618 18
8619 9
8620 5
8621 3
8622 7
8623 3
8624 10
8625 19
8626 5
8627 12
8628 3
8629 6
8630 3
8631 8
8632 20
8633 9
8634 5
8635 20
8636 3
8637 7
8638 17
8639 17
8640 3
8641 13
8642 20
8643 5
8644 20
8645 3
8646 6
8647 28
8648 28
8649 3
8650 9
8651 5
8652 3
8653 7
8654 22
8655 22
8656 3
8657 22
8658 11
8659 5
8660 10
8661 3
8662 6
8663 3
8664 8
8665 11
8666 5
8667 3
8668 7
8669 3
8670 24
8671 15
8672 5
8673 3
8674 6
8675 3
8676 9
8677 27
8678 11
8679 5
8680 27
8681 3
8682 17
8683 7
8684 17
8685 17
8686 17
8687 44
8688 3
8689 10
8690 5
8691 3
8692 6
8693 3
8694 8
8695 19
8696 9
8697 5
8698 3
8699 7
8700 23
8701 23
8702 23
8703 27
8704 3
8705 12
8706 53
8707 5
8708 3
8709 6
8710 172
8711 172
8712 3
8713 9
8714 5
8715 3
8716 7
8717 29
8718 29
8719 3
8720 11
8721 5
8722 3
8723 6
8724 3
8725 8
8726 39
8727 21
8728 5
8729 3
8730 7
8731 67
8732 3
8733 25
8734 31
8735 5
8736 3
8737 6
8738 3
8739 9
8740 5
8741 3
8742 7
8743 3
8744 10
8745 5
8746 3
8747 6
8748 3
8749 8
8750 9
8751 5
8752 3
8753 7
8754 31
8755 22
8756 22
8757 22
8758 22
8759 3
8760 13
8761 12
8762 5
8763 3
8764 6
8765 23
8766 23
8767 3
8768 9
8769 5
8770 3
8771 7
8772 3
8773 11
8774 5
8775 10
8776 3
8777 6
8778 3
8779 8
8780 5
8781 3
8782 7
8783 3
8784 14
8785 25
8786 5
8787 13
8788 3
8789 6
8790 3
8791 9
8792 11
8793 5
8794 3
8795 7
8796 3
8797 10
8798 44
8799 5
8800 3
8801 6
8802 3
8803 8
8804 24
8805 9
8806 5
8807 24
8808 3
8809 7
8810 29
8811 3
8812 12
8813 14
8814 5
8815 3
8816 6
8817 17
8818 17
8819 3
8820 9
8821 13
8822 5
8823 3
8824 7
8825 19
8826 19
8827 3
8828 11
8829 5
8830 3
8831 6
8832 3
8833 8
8834 13
8835 5
8836 3
8837 7
8838 3
8839 17
8840 17
8841 5
8842 3
8843 6
8844 3
8845 9
8846 5
8847 3
8848 7
8849 3
8850 10
8851 36
8852 20
8853 5
8854 12
8855 3
8856 6
8857 3
8858 8
8859 30
8860 9
8861 5
8862 30
8863 3
8864 7
8865 15
8866 15
8867 3
8868 13
8869 44
8870 5
8871 44
8872 3
8873 6
8874 51
8875 3
8876 9
8877 5
8878 3
8879 7
8880 3
8881 11
8882 5
8883 10
8884 3
8885 6
8886 36
8887 3
8888 8
8889 36
8890 11
8891 5
8892 3
8893 7
8894 3
8895 22
8896 15
8897 19
8898 5
8899 15
8900 3
8901 6
8902 15
8903 33
8904 33
8905 3
8906 9
8907 11
8908 5
8909 3
8910 7
8911 33
8912 3
8913 10
8914 5
8915 14
8916 3
8917 6
8918 3
8919 8
8920 20
8921 9
8922 5
8923 3
8924 7
8925 25
8926 3
8927 12
8928 5
8929 3
8930 6
8931 65
8932 65
8933 3
8934 65
8935 9
8936 33
8937 5
8938 3
8939 7
8940 13
8941 13
8942 3
8943 11
8944 5
8945 3
8946 6
8947 3
8948 8
8949 5
8950 3
8951 7
8952 65
8953 3
8954 18
8955 65
8956 110
8957 5
8958 3
8959 6
8960 3
8961 9
8962 15
8963 5
8964 3
8965 7
8966 3
8967 10
8968 41
8969 5
8970 3
8971 6
8972 3
8973 8
8974 9
8975 5
8976 3
8977 7
8978 18
8979 18
8980 3
8981 13
8982 12
8983 5
8984 19
8985 3
8986 6
8987 13
8988 13
8989 3
8990 9
8991 15
8992 5
8993 3
8994 7
8995 3
8996 11
8997 5
8998 10
8999 3
9000 6
9001 3
9002 8
9003 5
9004 3
9005 16
9006 7
9007 16
9008 3
9009 14
9010 44
9011 5
9012 41
9013 3
9014 6
9015 22
9016 3
9017 9
9018 11
9019 5
9020 3
9021 18
9022 7
9023 18
9024 3
9025 10
9026 5
9027 20
9028 3
9029 6
9030 3
9031 8
9032 9
9033 5
9034 3
9035 7
9036 3
9037 12
9038 5
9039 3
9040 6
9041 3
9042 9
9043 13
9044 5
9045 3
9046 7
9047 3
9048 11
9049 5
9050 3
9051 6
9052 3
9053 8
9054 5
9055 3
9056 7
9057 24
9058 24
9059 37
9060 3
9061 16
9062 15
9063 5
9064 25
9065 3
9066 6
9067 3
9068 16
9069 9
9070 34
9071 34
9072 5
9073 3
9074 34
9075 7
9076 34
9077 34
9078 34
9079 3
9080 10
9081 5
9082 12
9083 3
9084 6
9085 34
9086 34
9087 3
9088 8
9089 22
9090 9
9091 5
9092 22
9093 3
9094 7
9095 19
9096 19
9097 3
9098 13
9099 5
9100 3
9101 6
9102 21
9103 21
9104 15
9105 15
9106 3
9107 21
9108 9
9109 17
9110 5
9111 3
9112 7
9113 3
9114 11
9115 5
9116 10
9117 3
9118 6
9119 18
9120 3
9121 8
9122 33
9123 11
9124 5
9125 3
9126 7
9127 3
9128 15
9129 5
9130 3
9131 6
9132 3
9133 9
9134 11
9135 5
9136 3
9137 24
9138 7
9139 24
9140 24
9141 24
9142 88
9143 3
9144 10
9145 88
9146 5
9147 24
9148 3
9149 6
9150 37
9151 3
9152 8
9153 14
9154 9
9155 5
9156 14
9157 3
9158 7
9159 37
9160 3
9161 12
9162 66
9163 16
9164 5
9165 3
9166 6
9167 34
9168 18
9169 18
9170 3
9171 9
9172 40
9173 5
9174 3
9175 7
9176 32
9177 32
9178 3
9179 11
9180 5
9181 32
9182 3
9183 6
9184 66
9185 3
9186 8
9187 32
9188 17
9189 5
9190 3
9191 23
9192 7
9193 36
9194 36
9195 36
9196 3
9197 21
9198 32
9199 5
9200 32
9201 3
9202 6
9203 32
9204 42
9205 42
9206 42
9207 42
9208 42
9209 3
9210 9
9211 42
9212 5
9213 3
9214 7
9215 3
9216 10
9217 5
9218 3
9219 6
9220 34
9221 3
9222 8
9223 9
9224 5
9225 3
9226 7
9227 3
9228 13
9229 12
9230 5
9231 3
9232 6
9233 3
9234 20
9235 9
9236 5
9237 110
9238 3
9239 7
9240 17
9241 36
9242 36
9243 3
9244 11
9245 5
9246 10
9247 3
9248 6
9249 3
9250 8
9251 44
9252 5
9253 3
9254 7
9255 3
9256 14
9257 5
9258 13
9259 3
9260 6
9261 3
9262 9
9263 11
9264 5
9265 3
9266 14
9267 7
9268 14
9269 23
9270 23
9271 3
9272 10
9273 5
9274 16
9275 3
9276 6
9277 19
9278 3
9279 8
9280 9
9281 5
9282 3
9283 7
9284 3
9285 12
9286 14
9287 5
9288 57
9289 3
9290 6
9291 57
9292 57
9293 3
9294 9
9295 13
9296 5
9297 3
9298 7
9299 3
9300 40
9301 11
9302 5
9303 3
9304 6
9305 3
9306 8
9307 13
9308 5
9309 3
9310 7
9311 3
9312 17
9313 5
9314 3
9315 6
9316 3
9317 9
9318 5
9319 3
9320 7
9321 3
9322 10
9323 35
9324 5
9325 12
9326 3
9327 6
9328 3
9329 8
9330 35
9331 9
9332 5
9333 35
9334 3
9335 7
9336 3
9337 13
9338 5
9339 3
9340 6
9341 3
9342 9
9343 94
9344 5
9345 3
9346 7
9347 3
9348 11
9349 5
9350 10
9351 3
9352 6
9353 3
9354 8
9355 11
9356 5
9357 3
9358 7
9359 3
9360 15
9361 5
9362 3
9363 6
9364 25
9365 3
9366 9
9367 25
9368 11
9369 5
9370 25
9371 3
9372 7
9373 3
9374 10
9375 54
9376 5
9377 14
9378 3
9379 6
9380 3
9381 8
9382 9
9383 5
9384 3
9385 7
9386 23
9387 3
9388 12
9389 5
9390 3
9391 6
9392 3
9393 9
9394 5
9395 3
9396 7
9397 13
9398 13
9399 3
9400 11
9401 5
9402 3
9403 6
9404 65
9405 3
9406 8
9407 15
9408 5
9409 3
9410 7
9411 3
9412 19
9413 5
9414 16
9415 3
9416 6
9417 3
9418 9
9419 5
9420 53
9421 3
9422 7
9423 3
9424 10
9425 5
9426 3
9427 6
9428 17
9429 18
9430 3
9431 8
9432 9
9433 5
9434 3
9435 7
9436 3
9437 13
9438 12
9439 5
9440 3
9441 6
9442 13
9443 13
9444 3
9445 9
9446 15
9447 5
9448 3
9449 7
9450 3
9451 11
9452 26
9453 5
9454 10
9455 3
9456 6
9457 3
9458 8
9459 5
9460 3
9461 7
9462 3
9463 14
9464 63
9465 5
9466 3
9467 6
9468 29
9469 29
9470 3
9471 9
9472 29
9473 11
9474 5
9475 29
9476 3
9477 16
9478 7
9479 16
9480 3
9481 10
9482 5
9483 18
9484 3
9485 6
9486 25
9487 26
9488 3
9489 8
9490 17
9491 9
9492 5
9493 17
9494 3
9495 7
9496 23
9497 23
9498 23
9499 29
9500 3
9501 12
9502 5
9503 3
9504 6
9505 3
9506 9
9507 13
9508 5
9509 3
9510 7
9511 25
9512 15
9513 15
9514 3
9515 29
9516 11
9517 5
9518 26
9519 3
9520 6
9521 3
9522 8
9523 76
9524 76
9525 5
9526 3
9527 7
9528 18
9529 18
9530 3
9531 16
9532 5
9533 3
9534 6
9535 54
9536 54
9537 3
9538 9
9539 5
9540 3
9541 7
9542 3
9543 10
9544 5
9545 12
9546 3
9547 6
9548 123
9549 20
9550 3
9551 8
9552 9
9553 5
9554 3
9555 7
9556 3
9557 26
9558 13
9559 5
9560 3
9561 6
9562 36
9563 3
9564 9
9565 5
9566 3
9567 7
9568 18
9569 18
9570 3
9571 18
9572 11
9573 47
9574 5
9575 10
9576 3
9577 6
9578 47
9579 47
9580 3
9581 8
9582 11
9583 47
9584 5
9585 47
9586 3
9587 47
9588 7
9589 29
9590 3
9591 15
9592 5
9593 17
9594 3
9595 6
9596 17
9597 3
9598 9
9599 11
9600 5
9601 3
9602 7
9603 47
9604 3
9605 10
9606 5
9607 3
9608 6
9609 60
9610 3
9611 8
9612 9
9613 5
9614 3
9615 7
9616 28
9617 3
9618 12
9619 5
9620 3
9621 6
9622 68
9623 68
9624 16
9625 16
9626 3
9627 9
9628 5
9629 3
9630 7
9631 3
9632 46
9633 11
9634 5
9635 3
9636 6
9637 24
9638 3
9639 8
9640 19
9641 5
9642 3
9643 7
9644 25
9645 25
9646 3
9647 23
9648 5
9649 21
9650 3
9651 6
9652 21
9653 3
9654 9
9655 18
9656 5
9657 3
9658 18
9659 7
9660 18
9661 3
9662 10
9663 28
9664 5
9665 3
9666 6
9667 3
9668 8
9669 9
9670 5
9671 3
9672 7
9673 3
9674 47
9675 13
9676 12
9677 5
9678 3
9679 6
9680 3
9681 45
9682 9
9683 45
9684 5
9685 3
9686 7
9687 30
9688 30
9689 30
9690 3
9691 11
9692 5
9693 10
9694 3
9695 6
9696 3
9697 8
9698 5
9699 3
9700 7
9701 3
9702 14
9703 5
9704 13
9705 3
9706 6
9707 3
9708 9
9709 11
9710 5
9711 3
9712 7
9713 3
9714 10
9715 5
9716 3
9717 6
9718 3
9719 8
9720 9
9721 5
9722 3
9723 7
9724 3
9725 12
9726 14
9727 5
9728 30
9729 3
9730 6
9731 30
9732 30
9733 3
9734 9
9735 13
9736 5
9737 3
9738 7
9739 3
9740 11
9741 5
9742 3
9743 6
9744 3
9745 8
9746 13
9747 5
9748 3
9749 7
9750 25
9751 3
9752 17
9753 5
9754 3
9755 6
9756 3
9757 9
9758 5
9759 3
9760 7
9761 3
9762 10
9763 36
9764 5
9765 12
9766 3
9767 6
9768 3
9769 8
9770 9
9771 5
9772 3
9773 7
9774 15
9775 15
9776 3
9777 13
9778 5
9779 3
9780 6
9781 70
9782 70
9783 17
9784 17
9785 3
9786 70
9787 9
9788 19
9789 5
9790 3
9791 7
9792 3
9793 11
9794 5
9795 10
9796 3
9797 6
9798 3
9799 8
9800 19
9801 11
9802 5
9803 3
9804 7
9805 26
9806 26
9807 3
9808 15
9809 5
9810 15
9811 3
9812 6
9813 15
9814 22
9815 3
9816 9
9817 11
9818 5
9819 3
9820 7
9821 3
9822 10
9823 5
9824 14
9825 3
9826 6
9827 3
9828 8
9829 25
9830 18
9831 9
9832 5
9833 18
9834 3
9835 22
9836 7
9837 22
9838 18
9839 18
9840 3
9841 12
9842 20
9843 5
9844 3
9845 6
9846 3
9847 9
9848 5
9849 3
9850 7
9851 13
9852 13
9853 3
9854 11
9855 5
9856 3
9857 6
9858 3
9859 8
9860 5
9861 3
9862 7
9863 34
9864 34
9865 3
9866 18
9867 32
9868 5
9869 26
9870 3
9871 6
9872 3
9873 9
9874 5
9875 3
9876 7
9877 3
9878 10
9879 5
9880 3
9881 6
9882 16
9883 3
9884 8
9885 9
9886 5
9887 3
9888 7
9889 3
9890 13
9891 12
9892 5
9893 17
9894 3
9895 6
9896 13
9897 13
9898 3
9899 9
9900 15
9901 5
9902 3
9903 7
9904 3
9905 11
9906 5
9907 10
9908 3
9909 6
9910 3
9911 8
9912 5
9913 3
9914 7
9915 78
9916 3
9917 14
9918 27
9919 5
9920 3
9921 6
9922 18
9923 3
9924 9
9925 11
9926 5
9927 3
9928 20
9929 7
9930 20
9931 3
9932 10
9933 29
9934 51
9935 5
9936 22
9937 3
9938 6
9939 66
9940 3
9941 8
9942 21
9943 22
9944 9
9945 5
9946 22
9947 3
9948 39
9949 7
9950 39
9951 22
9952 22
9953 3
9954 12
9955 22
9956 5
9957 3
9958 6
9959 3
9960 9
9961 13
9962 5
9963 3
9964 7
9965 3
9966 11
9967 5
9968 3
9969 6
9970 3
9971 8
9972 5
9973 3
9974 7
9975 3
9976 16
9977 15
9978 5
9979 3
9980 6
9981 91
9982 3
9983 9
9984 25
9985 5
9986 3
9987 7
9988 3
9989 10
9990 42
9991 5
9992 12
9993 3
9994 6
9995 29
9996 3
9997 8
9998 9
9999 5
10000 3
