3 4
4 2
5 5
6 14
7 29
8 62
9 65
10 131
11 314
12 257
13 515
14 840
15 1415
16 943
17 747
18 1256
19 1134
20 1671
21 1646
22 1790
23 1771
24 1179
25 2359
26 4723
27 3144
28 6288
29 4193
30 2795
31 5022
32 9403
33 3051
34 4974
35 4070
36 8136
37 7111
38 10849
39 9480
40 9902
41 7851
42 8427
43 10470
44 8570
45 7151
46 7838
47 15677
48 19310
49 22254
50 16542
51 23163
52 29350
53 19566
54 18430
55 12286
56 8190
57 16381
58 21403
59 14270
60 23303
61 29121
62 38049
63 38334
64 25886
65 33819
66 18411
67 32750
68 30062
69 8095
70 16191
71 10792
72 7194
73 13994
74 27989
75 19185
76 12455
77 24911
78 49823
79 33183
80 22311
81 44623
82 29487
83 58975
84 40422
85 78632
86 68079
87 45383
88 69894
89 118752
90 31167
91 62335
92 53787
93 83112
94 163946
95 110783
96 218862
97 147755
98 33051
99 66103
100 129518
101 87530
102 58215
103 116431
104 78342
105 155240
106 104456
107 7659
108 15319
109 30639
110 20424
111 40848
112 27233
113 18155
114 36311
115 72623
116 145247
117 290496
118 193665
119 43035
120 86071
121 172154
122 38251
123 76503
124 51000
125 102003
126 68001
127 136003
128 272007
129 181336
130 120890
131 241781
132 161190
