3 4
4 2
5 5
6 14
7 29
8 62
9 65
10 7
11 15
12 8
13 19
14 840
15 24
16 48
17 33
18 67
19 43
20 87
21 56
22 38
23 77
24 152
25 104
26 202
27 134
28 269
29 184
30 122
31 245
32 168
33 339
34 225
35 426
36 853
37 600
38 1137
39 766
40 510
41 1018
42 672
43 1357
44 111
45 223
46 1199
47 296
48 592
49 394
50 262
51 174
52 349
53 232
54 154
55 102
56 205
57 136
58 90
59 181
60 120
61 241
62 160
63 106
64 70
65 46
66 30
67 61
68 40
69 26
70 53
71 107
72 215
73 431
74 289
75 579
76 128
77 256
78 170
79 341
80 683
81 1367
82 923
83 638
84 1277
85 2433
86 1643
87 3098
88 2171
89 4331
90 2982
91 667
92 1335
93 888
94 1779
95 1152
96 2371
97 1536
98 3006
99 2106
100 1376
101 2808
102 1823
103 1215
104 2374
105 1582
106 1054
107 702
108 1405
109 936
110 1873
111 1248
112 870
113 1664
114 1160
115 2222
116 4440
117 3096
118 5920
119 3946
120 2630
121 5261
122 10523
123 7016
124 4934
125 9158
126 6318
127 4254
128 8314
129 5542
130 3694
131 2462
132 4925
133 9851
134 19296
135 4379
136 8759
137 17022
138 11675
139 23351
140 15131
141 30263
142 6919
143 13839
144 9224
145 18451
146 36142
147 8351
148 5567
149 3711
150 7423
151 15358
152 9887
153 6591
154 13183
155 8959
156 17576
157 11944
158 7962
159 15622
160 10414
161 6942
162 13885
163 9256
164 6170
165 12341
166 24686
167 16456
168 10970
169 21941
170 14695
171 29256
172 19592
173 13255
174 26511
175 17672
176 35347
177 67582
178 45054
179 31418
180 61723
181 120145
182 80298
183 56486
184 109595
185 73390
186 48926
187 96382
188 64254
189 128509
190 85672
191 56255
192 39934
193 26622
194 53245
195 35496
196 67690
197 45126
198 90253
199 61998
200 120337
201 80224
202 53482
203 35654
204 71309
205 141758
206 95080
207 63386
208 123390
209 87086
210 60974
211 118186
212 78790
213 52526
214 100166
215 194986
216 129990
217 259981
218 178074
219 346641
220 77031
221 154063
222 106238
223 205416
224 146598
225 273888
226 189855
227 365184
228 270694
229 180462
230 336198
231 225022
232 150014
233 300029
234 206847
235 142586
236 285173
237 528895
238 358062
239 683946
240 156159
241 312319
242 624639
243 416423
244 810602
245 555233
246 370155
247 740311
248 1429863
249 987080
250 658048
251 438698
252 845223
253 1690447
254 394655
255 263103
256 526207
257 1039878
258 701607
259 467738
260 935477
261 642075
262 1241255
263 827503
264 554142
265 376603
266 735678
267 492570
268 985141
269 1961809
270 1307872
271 871914
272 1731174
273 389191
274 775034
275 518920
276 345946
277 230630
278 461261
279 886952
280 1773905
281 1208232
282 818943
283 1565726
