1 0
2 4
3 0
4 3
5 5
6 0
7 10
8 12
9 12
10 0
11 0
12 3
13 0
14 6
15 11
16 0
17 0
18 4
19 13
20 3
21 0
22 5
23 0
24 15
25 15
26 69
27 0
28 3
29 7
30 66
31 66
32 0
33 17
34 4
35 0
36 3
37 5
38 22
39 22
40 68
41 68
42 0
43 19
44 3
45 6
46 65
47 0
48 16
49 7
50 4
51 16
52 3
53 70
54 5
55 0
56 21
57 21
58 21
59 21
60 3
61 67
62 8
63 67
64 0
65 9
66 4
67 18
68 3
69 5
70 64
71 0
72 0
73 0
74 0
75 0
76 3
77 23
78 6
79 23
80 15
81 69
82 4
83 69
84 3
85 0
86 5
87 20
88 20
89 20
90 58
91 58
92 3
93 66
94 7
95 0
96 0
97 0
98 4
99 8
100 3
101 5
102 55
103 55
104 25
105 25
106 63
107 71
108 3
109 6
110 0
111 44
112 0
113 0
114 4
115 22
116 3
117 22
118 5
119 22
120 60
121 60
122 30
123 68
124 3
125 9
126 68
127 30
128 76
129 0
130 4
131 10
132 3
133 5
134 27
135 27
136 57
137 57
138 27
139 27
140 3
141 65
142 6
143 0
144 0
145 8
146 4
147 0
148 3
149 0
150 5
151 0
152 24
153 24
154 54
155 54
156 3
157 7
158 0
159 0
160 62
161 62
162 4
163 70
164 3
165 5
166 0
167 0
168 32
169 32
170 78
171 0
172 3
173 6
174 51
175 51
176 21
177 7
178 4
179 21
180 3
181 59
182 5
183 59
184 29
185 29
186 29
187 67
188 3
189 8
190 67
191 0
192 0
193 10
194 4
195 0
196 3
197 5
198 0
199 0
200 0
201 0
202 26
203 26
204 3
205 56
206 6
207 56
208 26
209 9
210 4
211 26
212 3
213 64
214 5
215 72
216 72
217 72
218 72
219 72
220 3
221 0
222 7
223 45
224 0
225 34
226 4
227 0
228 3
229 5
230 0
231 0
232 53
233 53
234 0
235 0
236 3
237 6
238 0
239 0
240 10
241 61
242 4
243 61
244 3
245 31
246 5
247 69
248 69
249 69
250 0
251 0
252 3
253 69
254 10
255 31
256 77
257 12
258 4
259 0
260 3
261 5
262 50
263 50
264 0
265 0
266 0
267 0
268 3
269 28
270 6
271 28
272 20
273 58
274 4
275 58
276 3
277 28
278 5
279 28
280 28
281 28
282 0
283 0
284 3
285 7
286 66
287 0
288 0
289 74
290 4
291 9
292 3
293 5
294 74
295 0
296 47
297 47
298 0
299 74
300 3
